desc: I1 cache:         32768 B, 64 B, 8-way associative
desc: D1 cache:         32768 B, 64 B, 8-way associative
desc: LL cache:         2097152 B, 64 B, 8-way associative
cmd: ./a.out
events: Ir I1mr ILmr Dr D1mr DLmr Dw D1mw DLmw 
fl=/build/eglibc-uTxVna/eglibc-2.15/csu/../sysdeps/unix/sysv/linux/init-first.c
fn=_init
53 10 1 1 3 0 0 5 0 0
59 4 0 0 1 0 0 1 1 1
68 5 1 1 4 0 0 0 0 0
74 1 0 0 0 0 0 1 1 1
75 1 0 0 0 0 0 1 0 0
76 2 1 1 1 1 0 1 1 1
90 4 0 0 0 0 0 4 0 0
98 1 0 0 0 0 0 0 0 0
103 5 0 0 4 0 0 0 0 0
fl=/build/eglibc-uTxVna/eglibc-2.15/csu/../sysdeps/x86_64/multiarch/init-arch.c
fn=__init_cpu_features
32 9 1 1 0 0 0 5 0 0
38 3 0 0 0 0 0 0 0 0
39 4 0 0 0 0 0 1 0 0
45 7 2 2 0 0 0 5 0 0
53 5 0 0 0 0 0 1 0 0
56 6 0 0 0 0 0 0 0 0
58 1 0 0 0 0 0 1 0 0
65 4 1 1 1 0 0 1 0 0
69 3 0 0 0 0 0 0 0 0
70 2 0 0 0 0 0 0 0 0
75 2 0 0 0 0 0 0 0 0
77 1 0 0 1 0 0 0 0 0
78 1 1 1 1 0 0 0 0 0
79 4 0 0 1 0 0 0 0 0
90 2 0 0 1 0 0 0 0 0
148 2 1 1 0 0 0 0 0 0
169 1 0 0 0 0 0 1 0 0
170 2 0 0 1 0 0 1 0 0
172 2 1 1 1 0 0 1 0 0
173 6 0 0 5 0 0 0 0 0
fl=/build/eglibc-uTxVna/eglibc-2.15/csu/libc-start.c
fn=(below main)
96 9 1 1 2 0 0 5 0 0
106 7 2 2 2 0 0 1 0 0
158 2 0 0 0 0 0 0 0 0
159 4 1 1 0 0 0 4 0 0
181 4 0 0 2 0 0 0 0 0
184 2 0 0 0 0 0 0 0 0
185 8 1 1 4 0 0 4 0 0
189 4 0 0 2 0 0 0 0 0
204 2 0 0 0 0 0 0 0 0
213 3 0 0 0 0 0 2 0 0
214 2 0 0 0 0 0 0 0 0
219 2 0 0 1 1 0 1 0 0
220 2 0 0 1 1 0 1 0 0
223 2 0 0 0 0 0 1 0 0
226 8 0 0 5 0 0 4 0 0
258 2 0 0 0 0 0 2 0 0
fl=/build/eglibc-uTxVna/eglibc-2.15/ctype/ctype-info.c
fn=__ctype_init
31 5 1 1 0 0 0 3 0 0
33 8 1 1 6 1 0 1 0 0
35 4 0 0 2 0 0 1 0 0
37 4 0 0 2 0 0 1 0 0
38 4 0 0 3 0 0 0 0 0
fl=/build/eglibc-uTxVna/eglibc-2.15/elf/../elf/dl-sysdep.c
fn=_dl_important_hwcaps
352 18 0 0 9 0 0 0 0 0
354 11 2 2 0 0 0 8 0 0
356 6 0 0 4 0 0 2 0 0
357 5 0 0 1 0 0 1 0 0
366 385 2 2 55 0 0 0 0 0
367 216 0 0 54 0 0 0 0 0
368 54 0 0 27 0 0 0 0 0
374 1 0 0 0 0 0 0 0 0
375 1 0 0 0 0 0 0 0 0
376 5 0 0 2 0 0 1 0 0
418 3 1 1 1 0 0 1 0 0
420 8 1 1 1 0 0 4 0 0
435 5 0 0 0 0 0 0 0 0
436 2 0 0 0 0 0 1 0 0
438 2 1 1 0 0 0 0 0 0
448 2 1 1 0 0 0 0 0 0
465 149 3 3 59 0 0 1 0 0
466 270 0 0 54 0 0 0 0 0
468 10 1 1 4 0 0 4 0 0
469 52 0 0 6 3 3 2 0 0
470 28 0 0 4 0 0 4 0 0
471 2 0 0 2 0 0 0 0 0
473 3 0 0 1 0 0 0 0 0
475 3 0 0 1 0 0 1 0 0
476 4 0 0 1 0 0 1 0 0
480 3 0 0 0 0 0 1 0 0
481 1 0 0 0 0 0 1 0 0
484 2 1 1 1 0 0 0 0 0
487 2 0 0 1 0 0 0 0 0
488 1 0 0 1 0 0 0 0 0
491 3 0 0 2 0 0 0 0 0
492 2 0 0 0 0 0 0 0 0
494 1 1 1 0 0 0 0 0 0
495 11 0 0 2 0 0 0 0 0
496 4 0 0 2 0 0 0 0 0
497 2 0 0 1 0 0 0 0 0
498 2 0 0 1 0 0 0 0 0
499 3 0 0 0 0 0 0 0 0
500 3 0 0 1 0 0 0 0 0
504 4 0 0 1 0 0 0 0 0
510 7 0 0 2 0 0 2 0 0
511 6 1 1 0 0 0 4 1 1
512 3 0 0 1 0 0 0 0 0
519 2 0 0 1 0 0 0 0 0
541 5 0 0 2 0 0 2 0 0
544 2 0 0 1 0 0 0 0 0
551 18 1 1 6 0 0 6 0 0
554 4 0 0 0 0 0 0 0 0
557 32 1 1 8 0 0 20 0 0
560 36 0 0 8 0 0 0 0 0
561 32 0 0 0 0 0 0 0 0
562 40 1 1 12 0 0 24 0 0
565 32 0 0 8 0 0 20 0 0
567 8 0 0 0 0 0 0 0 0
572 57 1 1 3 0 0 0 0 0
573 16 0 0 0 0 0 16 1 1
577 16 0 0 0 0 0 4 0 0
580 152 0 0 12 0 0 0 0 0
581 192 1 1 64 0 0 0 0 0
582 96 0 0 64 0 0 0 0 0
584 8 0 0 0 0 0 0 0 0
587 4 0 0 1 0 0 1 0 0
588 2 1 1 1 0 0 0 0 0
589 19 1 1 9 0 0 1 0 0
591 18 0 0 0 0 0 0 0 0
592 9 0 0 6 0 0 3 0 0
594 6 0 0 3 0 0 3 0 0
595 6 0 0 0 0 0 0 0 0
602 28 0 0 9 0 0 8 0 0
603 8 0 0 0 0 0 0 0 0
605 16 0 0 0 0 0 0 0 0
608 4 0 0 3 0 0 1 0 0
611 7 0 0 6 0 0 0 0 0
fn=_dl_sysdep_start
86 38 1 1 0 0 0 0 0 0
89 8 2 2 1 0 0 5 1 1
90 1 0 0 0 0 0 1 0 0
91 3 1 1 0 0 0 1 0 0
110 1 0 0 0 0 0 0 0 0
113 1 0 0 0 0 0 1 0 0
114 199 0 0 49 4 4 4 1 1
117 2 0 0 0 0 0 1 0 0
118 1 0 0 0 0 0 1 1 1
120 121 4 4 39 3 3 21 0 0
121 105 0 0 16 3 3 0 0 0
124 3 0 0 1 0 0 1 0 0
127 2 0 0 1 0 0 1 0 0
130 2 1 1 1 0 0 1 0 0
133 2 0 0 1 0 0 1 0 0
154 2 1 1 1 0 0 1 0 0
157 2 0 0 1 0 0 1 0 0
160 4 1 1 1 0 0 2 0 0
163 2 1 1 1 0 0 1 0 0
179 2 1 1 1 0 0 1 0 0
213 3 0 0 1 0 0 0 0 0
227 4 1 1 0 0 0 3 0 0
229 5 1 1 0 0 0 2 0 0
241 3 0 0 1 0 0 0 0 0
244 8 0 0 3 0 0 5 0 0
246 7 0 0 6 2 0 0 0 0
fn=_dl_sysdep_start_cleanup
252 1 1 1 1 0 0 0 0 0
fl=/build/eglibc-uTxVna/eglibc-2.15/elf/../misc/sbrk.c
fn=sbrk
35 7 1 1 1 0 0 4 1 1
43 6 1 1 2 0 0 0 0 0
47 2 0 0 0 0 0 0 0 0
58 6 0 0 4 0 0 0 0 0
fl=/build/eglibc-uTxVna/eglibc-2.15/elf/../sysdeps/i386/dl-machine.h
fn=_dl_fixup
277 18 0 0 12 0 0 6 0 0
fn=_dl_relocate_object
104 17 2 2 7 0 0 0 0 0
110 6 0 0 6 0 0 0 0 0
114 9 0 0 3 3 1 0 0 0
119 3 0 0 0 0 0 3 0 0
127 9 0 0 3 0 0 0 0 0
140 9 0 0 0 0 0 3 0 0
311 212 1 1 0 0 0 106 0 0
314 212 0 0 0 0 0 0 0 0
331 318 0 0 106 0 0 0 0 0
338 5630 10 10 2038 92 88 904 1 0
339 526 0 0 208 0 0 0 0 0
341 212 0 0 0 0 0 0 0 0
342 408 0 0 102 0 0 0 0 0
348 636 1 1 318 3 3 0 0 0
365 4 0 0 0 0 0 0 0 0
366 177 2 2 88 0 0 86 2 0
384 9 0 0 0 0 0 3 0 0
433 30 1 1 10 0 0 0 0 0
435 30 0 0 10 0 0 0 0 0
436 50 0 0 30 0 0 10 0 0
446 20 0 0 20 5 2 0 0 0
460 14 0 0 0 0 0 4 0 0
603 8 1 1 0 0 0 4 0 0
633 2516 0 0 1258 1 1 0 0 0
634 1258 0 0 1258 133 132 0 0 0
654 44 0 0 44 0 0 0 0 0
655 44 0 0 22 2 2 0 0 0
657 44 0 0 0 0 0 0 0 0
659 72 0 0 36 0 0 0 0 0
660 36 0 0 36 2 2 0 0 0
665 8 1 1 0 0 0 0 0 0
712 8 1 1 0 0 0 0 0 0
714 12 1 1 12 0 0 0 0 0
715 12 0 0 4 0 0 0 0 0
716 4 0 0 0 0 0 4 0 0
717 8 0 0 0 0 0 4 0 0
fn=_dl_start
60 3 0 0 1 1 1 0 0 0
311 16 0 0 0 0 0 8 0 0
339 24 0 0 24 5 5 0 0 0
342 32 0 0 8 1 1 0 0 0
348 56 0 0 16 2 2 0 0 0
352 8 0 0 0 0 0 8 1 1
404 3 0 0 0 0 0 2 0 0
633 22 0 0 11 2 2 0 0 0
634 11 0 0 11 1 1 0 0 0
fn=_dl_sysdep_start
267 5 0 0 2 1 1 0 0 0
fl=/build/eglibc-uTxVna/eglibc-2.15/elf/../sysdeps/i386/dl-procinfo.h
fn=_dl_load_cache_lookup
101 6 0 0 0 0 0 2 0 0
102 12 0 0 0 0 0 0 0 0
104 20 1 1 0 0 0 12 0 0
105 1 0 0 0 0 0 0 0 0
fl=/build/eglibc-uTxVna/eglibc-2.15/elf/../sysdeps/i386/dl-trampoline.S
fn=_dl_runtime_resolve
29 6 1 1 0 0 0 6 0 0
31 6 0 0 0 0 0 6 0 0
33 6 0 0 0 0 0 6 0 0
35 6 0 0 6 0 0 0 0 0
36 6 0 0 6 0 0 0 0 0
37 6 0 0 0 0 0 6 0 0
38 6 0 0 6 0 0 0 0 0
40 6 0 0 6 0 0 0 0 0
41 6 0 0 0 0 0 6 0 0
42 6 0 0 6 0 0 0 0 0
43 6 0 0 6 0 0 0 0 0
fl=/build/eglibc-uTxVna/eglibc-2.15/elf/../sysdeps/unix/sysv/linux/dl-osinfo.h
fn=security_init
74 2 0 0 0 0 0 0 0 0
97 1 0 0 1 0 0 0 0 0
99 2 0 0 0 0 0 1 0 0
114 2 0 0 0 0 0 0 0 0
125 1 0 0 1 0 0 0 0 0
fl=/build/eglibc-uTxVna/eglibc-2.15/elf/../sysdeps/unix/sysv/linux/dl-sysdep.c
fn=_dl_discover_osversion
67 7 2 2 0 0 0 5 0 0
69 4 0 0 1 0 0 1 1 1
109 5 1 1 0 0 0 2 0 0
124 1 0 0 0 0 0 0 0 0
128 1 0 0 0 0 0 0 0 0
129 1 1 1 0 0 0 0 0 0
131 15 0 0 3 1 1 0 0 0
133 12 0 0 0 0 0 0 0 0
135 12 0 0 3 0 0 0 0 0
141 3 0 0 0 0 0 0 0 0
142 3 1 1 0 0 0 0 0 0
143 3 0 0 0 0 0 0 0 0
145 13 0 0 0 0 0 0 0 0
150 2 0 0 0 0 0 0 0 0
153 1 0 0 0 0 0 0 0 0
154 7 0 0 5 0 0 0 0 0
fn=_dl_sysdep_start
36 2 1 1 0 0 0 2 0 0
fl=/build/eglibc-uTxVna/eglibc-2.15/elf/../sysdeps/unix/sysv/linux/i386/brk.c
fn=brk
36 6 2 2 1 0 0 3 0 0
41 6 0 0 0 0 0 0 0 0
43 1 0 0 0 0 0 1 0 0
45 2 0 0 0 0 0 0 0 0
51 1 0 0 0 0 0 0 0 0
52 4 0 0 3 0 0 0 0 0
fl=/build/eglibc-uTxVna/eglibc-2.15/elf/dl-addr.c
fn=_dl_addr
31 3 1 1 2 0 0 1 0 0
32 1 0 0 0 0 0 1 0 0
35 2 0 0 1 0 0 0 0 0
40 3 1 1 2 0 0 1 0 0
41 3 0 0 2 0 0 1 0 0
43 3 0 0 2 0 0 1 0 0
46 3 0 0 1 0 0 0 0 0
51 4056 2 2 3036 0 0 6 0 0
53 3033 0 0 3033 55 20 0 0 0
54 2022 0 0 0 0 0 0 0 0
56 2727 0 0 1818 0 0 0 0 0
62 7953 1 1 2348 571 497 0 0 0
64 9392 0 0 2348 0 0 0 0 0
65 19277 1 1 10718 0 0 0 0 0
72 11740 0 0 2348 133 84 0 0 0
100 3 0 0 1 0 0 0 0 0
101 2 0 0 1 0 0 1 1 0
102 3 0 0 1 1 0 0 0 0
105 3 1 1 1 0 0 0 0 0
117 2 1 1 1 0 0 1 0 0
118 2 0 0 0 0 0 1 0 0
125 7424 0 0 910 0 0 2348 0 0
127 10 1 1 0 0 0 7 0 0
129 1 0 0 0 0 0 0 0 0
132 4 0 0 2 0 0 2 0 0
135 6 1 1 2 0 0 2 0 0
136 11 1 1 4 0 0 0 0 0
137 13 0 0 5 0 0 0 0 0
138 2 0 0 1 0 0 0 0 0
141 1 0 0 0 0 0 0 0 0
146 4 0 0 2 2 0 2 1 0
149 7 0 0 5 0 0 0 0 0
fl=/build/eglibc-uTxVna/eglibc-2.15/elf/dl-altinit.c
fn=dlinit_alt
33 4 0 0 3 0 0 0 0 0
41 3 1 1 0 0 0 2 0 0
43 2 0 0 2 0 0 0 0 0
fl=/build/eglibc-uTxVna/eglibc-2.15/elf/dl-cache.c
fn=_dl_cache_libcmp
140 60 1 1 0 0 0 36 0 0
141 244 0 0 61 0 0 61 0 0
143 300 1 1 60 0 0 0 0 0
145 182 0 0 60 10 10 0 0 0
151 3 0 0 1 0 0 0 0 0
152 6 0 0 0 0 0 2 0 0
153 5 1 1 1 0 0 0 0 0
155 6 1 1 2 0 0 0 0 0
157 2 0 0 1 0 0 0 0 0
163 118 1 1 0 0 0 0 0 0
165 177 0 0 59 0 0 0 0 0
166 44 0 0 0 0 0 0 0 0
169 48 0 0 0 0 0 0 0 0
170 48 0 0 0 0 0 0 0 0
173 2 0 0 1 0 0 0 0 0
174 71 1 1 59 0 0 0 0 0
fn=_dl_load_cache_lookup
183 8 1 1 0 0 0 6 0 0
191 2 0 0 1 0 0 0 0 0
194 4 0 0 1 0 0 1 0 0
197 5 2 2 0 0 0 2 0 0
205 6 0 0 1 0 0 1 0 0
206 8 1 1 1 0 0 4 0 0
210 2 0 0 1 0 0 1 0 0
213 3 0 0 1 0 0 0 0 0
216 3 0 0 1 0 0 1 0 0
217 3 0 0 1 0 0 0 0 0
218 7 1 1 0 0 0 4 0 0
236 3 0 0 1 0 0 0 0 0
245 4 1 1 1 0 0 1 0 0
254 5 0 0 3 0 0 1 0 0
256 1 0 0 1 0 0 0 0 0
258 10 0 0 0 0 0 2 0 0
260 5 1 1 0 0 0 4 0 0
264 10 1 1 5 0 0 2 0 0
265 1 0 0 0 0 0 0 0 0
279 276 9 9 78 9 9 18 0 0
295 4 0 0 1 0 0 0 0 0
300 7 1 1 5 0 0 0 0 0
fn=_dl_unload_cache
309 4 1 1 0 0 0 2 0 0
310 4 0 0 1 0 0 0 0 0
312 4 1 1 1 0 0 3 0 0
313 1 0 0 0 0 0 1 0 0
315 3 0 0 2 0 0 0 0 0
fl=/build/eglibc-uTxVna/eglibc-2.15/elf/dl-debug.c
fn=_dl_debug_initialize
49 32 2 2 0 0 0 16 0 0
52 8 0 0 0 0 0 0 0 0
53 4 0 0 4 0 0 0 0 0
57 25 0 0 3 0 0 0 0 0
60 1 0 0 0 0 0 1 0 0
61 4 0 0 0 0 0 1 0 0
62 3 0 0 1 0 0 1 0 0
63 2 0 0 0 0 0 1 0 0
67 20 2 2 16 0 0 0 0 0
fn=_dl_debug_state
77 2 0 0 2 0 0 0 0 0
fl=/build/eglibc-uTxVna/eglibc-2.15/elf/dl-deps.c
fn=_dl_map_object_deps
146 14 2 2 7 0 0 1 0 0
149 10 1 1 0 0 0 7 0 0
150 7 0 0 0 0 0 1 0 0
164 2 0 0 0 0 0 2 0 0
165 3 0 0 1 0 0 2 0 0
166 3 1 1 0 0 0 2 0 0
168 1 0 0 0 0 0 1 0 0
172 9 0 0 3 0 0 2 0 0
182 16 1 1 3 0 0 2 0 0
183 1 0 0 1 0 0 0 0 0
186 3 1 1 0 0 0 2 0 0
205 2 0 0 1 0 0 1 0 0
206 1 0 0 0 0 0 1 0 0
207 1 0 0 0 0 0 1 0 0
208 4 0 0 0 0 0 4 0 0
212 8 1 1 8 0 0 0 0 0
213 6 1 1 0 0 0 5 0 0
214 2 0 0 0 0 0 2 0 0
217 4 0 0 0 0 0 4 0 0
221 12 0 0 4 0 0 0 0 0
222 26 1 1 10 0 0 0 0 0
224 4 0 0 0 0 0 0 0 0
226 8 1 1 4 0 0 2 0 0
228 28 0 0 2 0 0 6 0 0
233 24 0 0 8 1 1 0 0 0
235 6 0 0 4 0 0 2 0 0
240 2 1 1 0 0 0 2 0 0
241 2 0 0 0 0 0 2 0 0
242 4 0 0 2 0 0 2 0 0
243 4 0 0 2 0 0 2 0 0
246 192 0 0 50 0 0 4 0 0
247 88 1 1 0 0 0 0 0 0
253 18 0 0 6 0 0 8 0 0
255 2 0 0 0 0 0 2 0 0
258 14 0 0 2 0 0 4 0 0
259 4 1 1 0 0 0 2 0 0
260 6 0 0 2 0 0 0 0 0
275 2 0 0 2 0 0 0 0 0
277 4 0 0 2 0 0 0 0 0
282 6 1 1 0 0 0 0 0 0
285 2 0 0 0 0 0 2 0 0
286 2 0 0 0 0 0 2 0 0
287 2 0 0 0 0 0 2 0 0
288 4 0 0 2 0 0 2 0 0
290 2 0 0 2 0 0 0 0 0
292 12 0 0 2 0 0 4 0 0
296 6 0 0 2 0 0 0 0 0
297 5 0 0 2 0 0 2 0 0
299 168 1 1 0 0 0 0 0 0
349 2 0 0 0 0 0 1 0 0
477 12 1 1 4 0 0 0 0 0
479 8 0 0 4 0 0 2 0 0
481 8 1 1 0 0 0 6 0 0
482 2 0 0 0 0 0 0 0 0
483 6 0 0 2 0 0 0 0 0
486 2 0 0 0 0 0 2 0 0
487 16 0 0 2 0 0 10 0 0
488 14 0 0 4 0 0 8 0 0
491 2 0 0 0 0 0 2 0 0
492 2 0 0 2 0 0 0 0 0
496 20 1 1 8 0 0 0 0 0
498 4 0 0 4 0 0 0 0 0
499 26 1 1 4 0 0 3 0 0
503 5 0 0 1 0 0 0 0 0
504 2 0 0 1 0 0 1 0 0
507 5 0 0 2 0 0 1 0 0
517 3 0 0 0 0 0 3 0 0
518 2 1 1 1 0 0 0 0 0
520 2 0 0 0 0 0 0 0 0
525 5 0 0 3 0 0 1 0 0
526 5 1 1 2 0 0 2 0 0
528 12 0 0 4 0 0 0 0 0
530 16 0 0 8 0 0 0 0 0
534 16 0 0 8 0 0 4 1 1
538 4 1 1 4 0 0 0 0 0
541 3 0 0 1 0 0 1 0 0
592 6 0 0 3 0 0 1 0 0
594 4 0 0 2 0 0 0 0 0
630 8 1 1 2 0 0 5 0 0
632 4 0 0 1 0 0 1 0 0
636 2 0 0 0 0 0 2 0 0
637 7 1 1 1 0 0 1 0 0
638 8 0 0 2 0 0 5 0 0
642 9 0 0 9 0 0 0 0 0
643 12 0 0 6 0 0 3 0 0
649 15 0 0 9 0 0 0 0 0
651 6 0 0 6 0 0 0 0 0
652 8 0 0 0 0 0 0 0 0
654 9 0 0 3 0 0 0 0 0
655 6 0 0 0 0 0 0 0 0
677 6 0 0 0 0 0 0 0 0
680 12 0 0 6 0 0 3 0 0
683 25 1 1 11 0 0 10 0 0
690 3 0 0 2 0 0 1 0 0
692 2 0 0 1 0 0 1 0 0
693 1 0 0 1 0 0 0 0 0
701 3 0 0 1 0 0 0 0 0
704 3 1 1 1 0 0 0 0 0
707 6 0 0 5 0 0 0 0 0
fn=openaux
62 10 1 1 2 0 0 6 0 0
65 28 0 0 8 0 0 10 0 0
67 4 1 1 2 0 0 0 0 0
69 2 0 0 2 0 0 0 0 0
70 10 0 0 8 0 0 0 0 0
fl=/build/eglibc-uTxVna/eglibc-2.15/elf/dl-environ.c
fn=_dl_next_ld_env_entry
30 3 1 1 0 0 0 3 0 0
31 3 0 0 3 0 0 0 0 0
32 3 0 0 0 0 0 0 0 0
34 148 0 0 48 0 0 0 0 0
36 94 1 1 47 24 24 0 0 0
37 18 0 0 9 0 0 0 0 0
39 2 0 0 0 0 0 0 0 0
42 4 0 0 0 0 0 2 0 0
44 2 0 0 0 0 0 0 0 0
47 45 0 0 0 0 0 0 0 0
51 9 0 0 6 0 0 0 0 0
fl=/build/eglibc-uTxVna/eglibc-2.15/elf/dl-error.c
fn=_dl_catch_error
160 24 1 1 0 0 0 18 0 0
169 3 0 0 0 0 0 3 0 0
171 6 1 1 3 0 0 6 1 1
172 6 0 0 3 0 0 3 0 0
174 15 0 0 0 0 0 9 0 0
175 6 0 0 0 0 0 0 0 0
177 9 0 0 3 0 0 3 0 0
178 9 0 0 6 0 0 6 0 0
179 9 1 1 6 0 0 3 0 0
180 6 0 0 3 0 0 3 0 0
181 6 0 0 3 0 0 3 0 0
182 6 0 0 3 0 0 3 0 0
192 15 0 0 9 0 0 0 0 0
fn=_dl_receive_error
198 10 2 2 0 0 0 5 0 0
199 1 0 0 1 0 0 1 0 0
203 1 0 0 1 0 0 0 0 0
204 1 0 0 1 0 0 0 0 0
207 1 0 0 0 0 0 1 0 0
208 1 0 0 0 0 0 1 0 0
210 5 0 0 0 0 0 5 0 0
212 3 1 1 2 0 0 1 0 0
213 2 0 0 1 0 0 1 0 0
214 6 0 0 5 0 0 0 0 0
fl=/build/eglibc-uTxVna/eglibc-2.15/elf/dl-fini.c
fn=_dl_fini
132 10 1 1 1 0 0 4 1 1
133 10 2 2 0 0 0 6 0 0
145 1 0 0 0 0 0 1 0 0
146 1 0 0 0 0 0 1 0 0
152 1 0 0 0 0 0 1 0 0
155 8 0 0 4 1 1 1 0 0
158 4 1 1 3 1 1 2 0 0
161 2 0 0 2 1 1 0 0 0
164 2 0 0 0 0 0 0 0 0
166 6 0 0 3 1 1 0 0 0
177 3 0 0 1 0 0 0 0 0
179 3 1 1 1 0 0 0 0 0
182 7 0 0 0 0 0 2 0 0
193 19 0 0 5 0 0 2 0 0
195 8 0 0 4 4 4 0 0 0
197 8 1 1 0 0 0 0 0 0
199 4 0 0 0 0 0 4 0 0
200 4 0 0 0 0 0 4 4 4
201 4 0 0 0 0 0 0 0 0
205 4 0 0 4 3 3 0 0 0
207 2 0 0 1 0 0 0 0 0
212 7 1 1 3 0 0 2 1 1
221 3 0 0 2 0 0 2 0 0
225 17 0 0 5 0 0 0 0 0
227 8 0 0 8 0 0 0 0 0
229 12 0 0 4 0 0 0 0 0
232 8 0 0 0 0 0 4 0 0
235 12 1 1 4 4 4 0 0 0
236 12 1 1 4 4 4 0 0 0
239 4 1 1 2 1 1 0 0 0
241 3 0 0 0 0 0 1 0 0
246 4 0 0 0 0 0 0 0 0
258 6 1 1 2 0 0 0 0 0
259 6 0 0 4 2 2 2 0 0
264 28 0 0 8 1 1 0 0 0
280 4 0 0 4 0 0 0 0 0
285 6 0 0 2 0 0 0 0 0
291 2 1 1 1 0 0 0 0 0
298 6 1 1 5 0 0 0 0 0
fn=_dl_sort_fini
33 6 0 0 4 0 0 0 0 0
34 11 1 1 0 0 0 8 1 1
36 2 0 0 0 0 0 0 0 0
41 5 0 0 1 0 0 1 0 0
42 7 0 0 1 0 0 1 0 0
43 6 1 1 2 0 0 4 1 1
47 18 2 2 9 0 0 6 0 0
48 15 0 0 6 0 0 6 0 0
52 15 0 0 6 0 0 0 0 0
58 12 0 0 4 0 0 5 0 0
59 15 0 0 9 0 0 0 0 0
61 6 0 0 6 2 2 0 0 0
62 8 1 1 0 0 0 0 0 0
64 9 0 0 3 1 1 0 0 0
65 6 0 0 0 0 0 0 0 0
84 1 0 0 0 0 0 1 0 0
95 9 0 0 3 0 0 0 0 0
116 6 0 0 3 0 0 0 0 0
120 15 1 1 6 0 0 3 0 0
123 23 0 0 10 0 0 10 0 0
127 6 0 0 5 0 0 0 0 0
fl=/build/eglibc-uTxVna/eglibc-2.15/elf/dl-init.c
fn=_dl_init
93 10 1 1 0 0 0 7 0 0
94 1 0 0 1 0 0 0 0 0
95 1 0 0 1 0 0 0 0 0
98 3 1 1 1 0 0 0 0 0
100 7 1 1 3 0 0 4 0 0
101 3 0 0 1 0 0 1 0 0
105 2 0 0 0 0 0 0 0 0
132 1 0 0 1 0 0 0 0 0
133 12 0 0 0 0 0 0 0 0
134 36 1 1 20 0 0 12 0 0
140 6 0 0 5 0 0 0 0 0
fn=call_init
36 50 1 1 10 0 0 25 0 0
37 15 0 0 5 0 0 0 0 0
43 12 0 0 0 0 0 8 0 0
46 20 1 1 8 1 0 4 0 0
47 3 0 0 1 0 0 0 0 0
51 9 0 0 3 0 0 0 0 0
52 2 1 1 1 0 0 0 0 0
56 4 0 0 2 0 0 0 0 0
64 4 0 0 0 0 0 0 0 0
66 4 0 0 4 0 0 0 0 0
70 12 0 0 2 0 0 10 0 0
74 2 1 1 2 1 0 0 0 0
75 4 0 0 0 0 0 0 0 0
81 3 0 0 2 0 0 0 0 0
83 4 0 0 3 0 0 1 0 0
84 19 0 0 1 0 0 3 0 0
85 21 0 0 12 0 0 12 0 0
87 30 1 1 25 0 0 0 0 0
fl=/build/eglibc-uTxVna/eglibc-2.15/elf/dl-load.c
fn=_dl_init_paths
711 4 0 0 0 0 0 1 0 0
712 9 2 2 0 0 0 6 0 0
727 8 0 0 2 0 0 3 0 0
731 1 0 0 0 0 0 1 0 0
732 3 1 1 0 0 0 3 0 0
733 2 0 0 0 0 0 0 0 0
740 5 0 0 0 0 0 0 0 0
741 2 0 0 1 0 0 0 0 0
744 2 0 0 1 0 0 1 1 1
745 3 0 0 0 0 0 2 0 0
747 2 1 1 0 0 0 0 0 0
753 1 0 0 0 0 0 1 0 0
754 1 0 0 0 0 0 1 0 0
762 20 1 1 6 0 0 10 0 0
764 9 0 0 3 0 0 5 2 2
765 4 1 1 0 0 0 4 0 0
767 8 0 0 3 0 0 4 0 0
768 7 0 0 3 1 1 4 0 0
769 20 1 1 6 0 0 7 0 0
772 18 0 0 9 1 1 3 0 0
773 216 0 0 8 0 0 4 0 0
774 64 0 0 0 0 0 64 4 4
776 15 0 0 0 0 0 5 0 0
782 1 0 0 0 0 0 1 1 1
783 2 0 0 1 0 0 1 0 0
787 1 0 0 1 0 0 0 0 0
788 2 0 0 0 0 0 0 0 0
790 4 1 1 1 0 0 0 0 0
792 3 0 0 1 0 0 0 0 0
806 1 0 0 0 0 0 1 0 0
808 3 1 1 1 0 0 0 0 0
819 2 1 1 0 0 0 1 0 0
824 6 1 1 3 0 0 0 0 0
832 5 0 0 0 0 0 3 0 0
834 15 1 1 2 0 0 6 0 0
851 50 0 0 17 0 0 0 0 0
853 14 0 0 0 0 0 0 0 0
854 28 0 0 0 0 0 0 0 0
855 14 1 1 0 0 0 0 0 0
858 1 0 0 0 0 0 1 0 0
859 2 0 0 0 0 0 2 0 0
860 2 0 0 0 0 0 0 0 0
866 10 1 1 1 0 0 5 0 0
870 4 0 0 2 0 0 0 0 0
876 1 0 0 0 0 0 1 0 0
880 6 0 0 5 0 0 0 0 0
fn=_dl_map_object
2276 30 2 2 0 0 0 18 2 2
2283 9 0 0 3 0 0 0 0 0
2284 9 0 0 6 1 1 0 0 0
2287 36 0 0 12 0 0 3 0 0
2292 21 1 1 7 0 0 0 0 0
2293 14 0 0 0 0 0 0 0 0
2295 35 0 0 0 0 0 7 0 0
2299 12 0 0 6 0 0 0 0 0
2300 18 1 1 6 0 0 0 0 0
2303 2 0 0 2 0 0 0 0 0
2304 4 0 0 4 0 0 0 0 0
2305 10 0 0 0 0 0 6 0 0
2321 14 2 2 4 0 0 4 0 0
2322 2 1 1 0 0 0 0 0 0
2332 6 0 0 2 0 0 0 0 0
2356 2 0 0 0 0 0 2 0 0
2358 10 1 1 0 0 0 6 0 0
2362 4 1 1 0 0 0 3 0 0
2364 2 0 0 1 0 0 0 0 0
2371 5 1 1 1 0 0 0 0 0
2375 2 1 1 1 0 0 1 0 0
2380 8 1 1 2 0 0 1 0 0
2381 8 1 1 0 0 0 3 0 0
2383 4 0 0 0 0 0 2 0 0
2395 4 1 1 3 0 0 0 0 0
2396 8 0 0 3 0 0 0 0 0
2397 10 1 1 0 0 0 3 0 0
2406 2 0 0 1 0 0 0 0 0
2407 20 1 1 4 0 0 8 0 0
2413 4 1 1 1 0 0 0 0 0
2414 9 1 1 0 0 0 3 0 0
2421 4 0 0 1 0 0 1 0 0
2426 3 0 0 0 0 0 2 0 0
2428 2 0 0 0 0 0 0 0 0
2433 3 0 0 1 0 0 0 0 0
2441 2 1 1 1 0 0 0 0 0
2468 12 0 0 2 0 0 5 0 0
2471 2 1 1 0 0 0 0 0 0
2473 4 0 0 1 0 0 3 0 0
2474 3 0 0 1 0 0 0 0 0
2493 2 1 1 1 0 0 0 0 0
2499 1 0 0 0 0 0 1 0 0
2501 6 0 0 1 0 0 2 0 0
2502 2 0 0 0 0 0 0 0 0
2503 1 0 0 0 0 0 0 0 0
2506 11 1 1 1 0 0 5 0 0
2509 2 0 0 0 0 0 0 0 0
2521 8 1 1 2 0 0 0 0 0
2523 4 0 0 0 0 0 0 0 0
2567 4 0 0 2 0 0 2 0 0
2568 32 0 0 8 0 0 16 0 0
2570 21 0 0 15 0 0 0 0 0
fn=_dl_map_object_from_fd
913 4 1 1 0 0 0 0 0 0
916 20 1 1 0 0 0 14 1 1
927 8 0 0 2 0 0 4 1 1
928 2 0 0 0 0 0 2 0 0
931 16 1 1 2 0 0 8 1 1
942 27 0 0 9 0 0 2 0 0
943 54 2 2 23 1 1 4 0 0
960 6 1 1 2 0 0 0 0 0
985 4 0 0 2 0 0 0 0 0
995 4 0 0 2 0 0 0 0 0
1017 8 1 1 4 0 0 0 0 0
1048 4 0 0 0 0 0 0 0 0
1051 24 0 0 12 0 0 8 0 0
1052 4 1 1 0 0 0 0 0 0
1063 6 0 0 4 0 0 2 0 0
1064 8 0 0 4 0 0 4 0 0
1065 6 0 0 4 0 0 2 0 0
1067 2 0 0 0 0 0 0 0 0
1068 8 0 0 4 0 0 0 0 0
1069 4 1 1 0 0 0 2 0 0
1074 2 0 0 0 0 0 2 0 0
1093 18 0 0 2 0 0 4 0 0
1101 120 1 1 42 0 0 6 0 0
1102 125 2 2 17 0 0 0 0 0
1108 4 0 0 2 0 0 2 0 0
1109 8 0 0 2 0 0 2 0 0
1113 2 0 0 1 0 0 1 0 0
1114 1 0 0 0 0 0 0 0 0
1119 28 1 1 8 0 0 8 0 0
1125 28 1 1 12 0 0 4 0 0
1126 4 0 0 0 0 0 0 0 0
1133 20 0 0 12 0 0 0 0 0
1134 24 0 0 4 0 0 12 0 0
1135 16 1 1 8 0 0 4 0 0
1136 8 0 0 4 0 0 4 0 0
1138 8 0 0 4 0 0 4 0 0
1139 12 0 0 8 0 0 4 0 0
1143 8 0 0 4 0 0 0 0 0
1144 12 0 0 6 0 0 2 0 0
1149 28 1 1 4 0 0 4 0 0
1159 4 0 0 0 0 0 0 0 0
1162 3 0 0 1 0 0 0 0 0
1166 1 0 0 0 0 0 1 1 1
1167 2 1 1 1 0 0 1 0 0
1168 2 0 0 0 0 0 0 0 0
1171 5 0 0 1 0 0 1 0 0
1172 2 0 0 1 0 0 1 0 0
1175 1 0 0 0 0 0 1 0 0
1179 4 0 0 1 0 0 0 0 0
1185 4 1 1 1 0 0 3 1 1
1186 1 0 0 0 0 0 0 0 0
1197 6 0 0 0 0 0 2 0 0
1240 4 1 1 2 0 0 2 0 0
1241 2 0 0 0 0 0 0 0 0
1244 4 0 0 2 0 0 2 0 0
1245 4 0 0 2 0 0 2 0 0
1246 2 0 0 0 0 0 0 0 0
1249 6 1 1 2 0 0 0 0 0
1259 2 0 0 2 0 0 0 0 0
1262 16 0 0 6 0 0 4 0 0
1264 4 1 1 2 0 0 0 0 0
1278 2 1 1 2 0 0 0 0 0
1283 26 0 0 10 0 0 16 0 0
1287 4 0 0 0 0 0 0 0 0
1294 6 0 0 2 0 0 2 0 0
1295 6 0 0 4 0 0 2 0 0
1297 4 0 0 2 0 0 0 0 0
1307 2 1 1 2 0 0 0 0 0
1330 26 0 0 10 0 0 0 0 0
1332 8 0 0 4 0 0 0 0 0
1334 28 1 1 8 0 0 14 0 0
1342 16 0 0 4 0 0 4 0 0
1343 6 0 0 4 0 0 2 0 0
1345 12 0 0 4 0 0 0 0 0
1346 5 1 1 3 0 0 0 0 0
1347 9 1 1 5 0 0 2 0 0
1348 5 0 0 2 0 0 1 0 0
1350 4 1 1 1 0 0 1 0 0
1352 16 0 0 8 0 0 0 0 0
1358 4 0 0 2 0 0 2 0 0
1359 4 1 1 2 0 0 2 0 0
1360 16 0 0 8 0 0 2 0 0
1361 4 0 0 0 0 0 2 0 0
1368 4 1 1 2 0 0 0 0 0
1371 4 0 0 2 0 0 0 0 0
1382 16 0 0 4 0 0 10 0 0
1383 8 0 0 4 0 0 0 0 0
1388 4 0 0 2 0 0 0 0 0
1392 10 0 0 2 0 0 7 0 0
1395 2 1 1 0 0 0 0 0 0
1403 4 1 1 0 0 0 0 0 0
1407 6 1 1 2 0 0 0 0 0
1416 8 0 0 2 0 0 4 0 0
1422 8 1 1 2 0 0 0 0 0
1438 6 0 0 2 0 0 0 0 0
1457 4 0 0 2 0 0 2 0 0
1459 10 0 0 4 0 0 0 0 0
1514 6 0 0 2 0 0 0 0 0
1515 2 0 0 1 0 0 1 0 0
1518 10 1 1 2 0 0 4 0 0
1526 4 0 0 2 0 0 0 0 0
1529 8 0 0 4 0 0 2 0 0
1531 4 1 1 2 0 0 0 0 0
1547 4 0 0 0 0 0 2 0 0
1551 4 0 0 2 0 0 0 0 0
1552 6 1 1 2 0 0 0 0 0
1570 8 0 0 4 0 0 2 0 0
1573 8 1 1 4 0 0 4 0 0
1574 8 0 0 4 0 0 4 0 0
1578 6 0 0 2 0 0 0 0 0
1584 6 0 0 2 0 0 2 0 0
1588 6 0 0 2 0 0 0 0 0
1608 14 1 1 10 0 0 0 0 0
fn=cache_rpath
688 15 1 1 0 0 0 6 0 0
689 9 0 0 3 0 0 0 0 0
690 3 0 0 0 0 0 0 0 0
706 12 0 0 9 0 0 0 0 0
fn=expand_dynamic_string_token
421 10 2 2 1 0 0 6 1 1
431 5 0 0 0 0 0 3 0 0
435 2 0 0 0 0 0 0 0 0
446 5 0 0 4 0 0 0 0 0
fn=fillin_rpath
491 9 1 1 0 0 0 7 0 0
493 2 0 0 0 0 0 1 0 0
495 16 1 1 2 0 0 6 0 0
498 3 0 0 0 0 0 2 0 0
502 2 0 0 0 0 0 0 0 0
509 4 1 1 1 0 0 0 0 0
514 2 0 0 0 0 0 1 0 0
517 3 0 0 1 0 0 0 0 0
521 18 0 0 5 0 0 1 0 0
522 8 1 1 4 0 0 0 0 0
540 4 1 1 1 0 0 1 0 0
543 5 0 0 0 0 0 4 0 0
544 3 1 1 2 0 0 0 0 0
545 1 0 0 0 0 0 0 0 0
546 4 1 1 2 0 0 0 0 0
550 1 0 0 0 0 0 1 1 1
551 1 0 0 0 0 0 0 0 0
552 6 0 0 0 0 0 6 0 0
553 1 0 0 0 0 0 1 0 0
555 3 0 0 2 0 0 0 0 0
561 4 0 0 1 0 0 0 0 0
562 52 1 1 0 0 0 0 0 0
563 16 0 0 0 0 0 16 0 0
565 2 0 0 1 0 0 1 0 0
566 3 0 0 1 0 0 0 0 0
571 2 1 1 0 0 0 1 0 0
573 2 1 1 1 0 0 1 0 0
574 1 0 0 0 0 0 1 0 0
577 6 0 0 2 0 0 2 1 1
582 3 0 0 2 0 0 1 0 0
585 6 1 1 5 0 0 0 0 0
fn=local_strdup
160 14 2 2 0 0 0 8 0 0
161 6 0 0 0 0 0 4 0 0
162 6 0 0 0 0 0 4 0 0
164 4 0 0 0 0 0 0 0 0
165 2 0 0 0 0 0 0 0 0
167 8 0 0 0 0 0 8 0 0
168 10 0 0 8 0 0 0 0 0
fn=open_path
2127 10 1 1 0 0 0 7 0 0
2128 3 0 0 2 0 0 1 0 0
2131 1 0 0 0 0 0 1 0 0
2132 1 1 1 0 0 0 1 0 0
2134 2 0 0 0 0 0 0 0 0
2139 13 0 0 4 0 0 2 0 0
2151 3 0 0 2 0 0 0 0 0
2158 8 0 0 3 0 0 5 0 0
2159 86 1 1 33 0 0 2 0 0
2162 32 1 1 16 0 0 0 0 0
2166 256 1 1 112 0 0 128 0 0
2169 16 0 0 16 0 0 0 0 0
2172 48 1 1 32 0 0 0 0 0
2173 3 1 1 0 0 0 1 0 0
2175 192 0 0 80 0 0 96 0 0
2177 64 1 1 32 0 0 0 0 0
2179 32 0 0 0 0 0 0 0 0
2184 48 1 1 16 0 0 0 0 0
2185 96 0 0 64 0 0 0 0 0
2191 64 1 1 32 0 0 16 0 0
2193 128 0 0 16 0 0 64 0 0
2194 4 0 0 1 0 0 0 0 0
2196 30 1 1 0 0 0 15 0 0
2198 3 1 1 0 0 0 1 0 0
2203 32 0 0 16 0 0 0 0 0
2244 6 1 1 2 0 0 0 0 0
2249 2 0 0 2 0 0 0 0 0
2251 5 0 0 3 0 0 0 0 0
2254 3 0 0 1 0 0 0 0 0
2267 1 0 0 0 0 0 0 0 0
2268 7 0 0 5 0 0 0 0 0
fn=open_verify
1857 216 1 1 18 0 0 144 1 1
1893 105 1 1 35 0 0 0 0 0
1914 90 1 1 18 0 0 72 0 0
1915 36 0 0 0 0 0 0 0 0
1925 2 1 1 0 0 0 2 0 0
1926 18 0 0 4 0 0 10 1 1
1933 4 0 0 0 0 0 0 0 0
1949 22 2 2 0 0 0 8 0 0
1951 4 0 0 4 0 0 0 0 0
1953 14 0 0 2 0 0 8 0 0
2009 6 0 0 4 0 0 0 0 0
2014 4 0 0 2 0 0 0 0 0
2016 6 0 0 2 0 0 0 0 0
2022 6 0 0 4 0 0 0 0 0
2029 6 1 1 2 0 0 0 0 0
2030 8 0 0 2 0 0 0 0 0
2031 6 0 0 2 0 0 2 0 0
2046 82 0 0 18 0 0 0 0 0
2048 36 1 1 17 3 3 0 0 0
2052 10 0 0 6 0 0 0 0 0
2053 12 0 0 0 0 0 4 0 0
2062 21 1 1 3 0 0 12 0 0
2065 2 0 0 0 0 0 0 0 0
2066 6 0 0 2 0 0 0 0 0
2067 6 0 0 2 0 0 0 0 0
2069 6 0 0 0 0 0 0 0 0
2074 1 0 0 0 0 0 0 0 0
2075 1 0 0 0 0 0 0 0 0
2078 4 1 1 1 0 0 0 0 0
2081 3 0 0 1 0 0 0 0 0
2082 5 0 0 1 0 0 0 0 0
2083 2 0 0 1 0 0 0 0 0
2084 3 0 0 1 0 0 0 0 0
2085 5 0 0 1 0 0 0 0 0
2113 130 2 2 111 0 0 0 0 0
fl=/build/eglibc-uTxVna/eglibc-2.15/elf/dl-lookup.c
fn=_dl_lookup_symbol_x
476 95 0 0 0 0 0 0 0 0
477 5411 0 0 1329 90 89 0 0 0
478 6170 1 1 0 0 0 0 0 0
716 1045 1 1 0 0 0 760 3 2
718 95 0 0 0 0 0 95 1 1
719 190 0 0 0 0 0 190 0 0
722 95 0 0 95 2 1 0 0 0
726 461 0 0 183 0 0 0 0 0
730 95 0 0 0 0 0 95 0 0
731 285 1 1 95 0 0 0 0 0
733 190 0 0 190 0 0 0 0 0
737 871 0 0 479 0 0 95 0 0
739 1995 2 2 760 0 0 1045 0 0
742 190 0 0 0 0 0 0 0 0
745 16 0 0 0 0 0 0 0 0
770 190 0 0 0 0 0 0 0 0
772 32 1 1 12 0 0 0 0 0
789 8 1 1 4 0 0 4 0 0
790 8 0 0 0 0 0 0 0 0
793 364 0 0 182 0 0 0 0 0
794 546 0 0 182 0 0 91 0 0
829 364 1 1 91 0 0 0 0 0
843 273 0 0 91 2 0 0 0 0
844 2 1 1 0 0 0 1 0 0
846 364 0 0 182 0 0 0 0 0
851 182 0 0 91 0 0 91 0 0
853 665 1 1 475 0 0 0 0 0
fn=_dl_setup_hash
861 28 2 2 0 0 0 20 1 1
864 12 0 0 4 0 0 0 0 0
868 4 0 0 4 0 0 0 0 0
872 8 0 0 4 4 4 4 0 0
873 4 0 0 4 0 0 0 0 0
874 4 0 0 4 2 2 0 0 0
876 12 0 0 0 0 0 0 0 0
877 4 0 0 0 0 0 4 0 0
878 12 0 0 4 1 1 4 0 0
880 4 0 0 0 0 0 4 0 0
881 4 0 0 0 0 0 0 0 0
883 4 0 0 0 0 0 4 0 0
884 4 1 1 0 0 0 0 0 0
885 12 0 0 0 0 0 4 0 0
899 24 0 0 20 0 0 0 0 0
fn=check_match.8846
132 819 2 2 0 0 0 455 2 1
133 182 0 0 91 10 7 0 0 0
135 637 1 1 182 2 2 0 0 0
137 273 0 0 91 0 0 0 0 0
147 273 0 0 182 0 0 91 3 1
150 334 0 0 148 0 0 57 0 0
154 182 0 0 182 0 0 0 0 0
155 273 1 1 91 0 0 0 0 0
157 176 0 0 0 0 0 0 0 0
176 176 0 0 176 6 4 0 0 0
177 616 1 1 264 1 0 0 0 0
178 792 1 1 264 0 0 352 0 0
205 6 0 0 0 0 0 0 0 0
207 18 0 0 6 2 1 0 0 0
208 12 0 0 3 0 0 0 0 0
211 4 0 0 0 0 0 0 0 0
212 10 0 0 2 0 0 2 0 0
214 2 0 0 0 0 0 2 0 0
216 4 0 0 0 0 0 0 0 0
223 637 0 0 455 0 0 0 0 0
fn=do_lookup_x
77 855 1 1 380 0 0 475 0 0
82 950 1 1 190 0 0 570 7 4
83 95 0 0 95 2 1 0 0 0
88 95 0 0 0 0 0 95 0 0
89 95 0 0 95 0 0 0 0 0
95 294 1 1 0 0 0 294 0 0
96 294 0 0 0 0 0 294 0 0
98 1176 0 0 882 3 1 294 0 0
101 588 0 0 294 0 0 0 0 0
105 588 0 0 294 0 0 0 0 0
109 588 1 1 294 1 0 0 0 0
113 588 0 0 294 0 0 0 0 0
114 285 0 0 0 0 0 190 0 0
120 1176 0 0 294 2 1 294 0 0
124 882 0 0 588 6 2 294 0 0
125 882 0 0 588 2 1 294 0 0
226 294 0 0 294 0 0 0 0 0
227 588 1 1 0 0 0 0 0 0
229 294 0 0 294 38 33 0 0 0
230 285 0 0 95 0 0 95 0 0
231 588 0 0 588 0 0 0 0 0
234 1176 0 0 588 0 0 0 0 0
237 1176 0 0 294 0 0 0 0 0
238 882 0 0 0 0 0 0 0 0
240 192 1 1 192 48 47 0 0 0
241 288 1 1 192 0 0 0 0 0
242 192 0 0 0 0 0 0 0 0
244 192 0 0 96 0 0 0 0 0
247 764 0 0 382 65 65 0 0 0
249 546 1 1 182 0 0 91 0 0
250 652 0 0 187 0 0 91 0 0
251 360 0 0 0 0 0 89 0 0
254 408 0 0 102 0 0 0 0 0
258 205 0 0 0 0 0 205 0 0
263 14 1 1 0 0 0 7 0 0
282 412 1 1 207 0 0 0 0 0
284 4 0 0 0 0 0 0 0 0
287 775 1 1 91 0 0 91 0 0
291 33 0 0 11 0 0 0 0 0
304 273 0 0 182 0 0 91 0 0
305 182 1 1 91 0 0 91 0 0
306 91 0 0 0 0 0 0 0 0
462 1767 0 0 589 0 0 0 0 0
463 125 0 0 25 0 0 25 0 0
466 609 0 0 203 0 0 0 0 0
469 4 0 0 0 0 0 0 0 0
470 570 0 0 475 0 0 0 0 0
fl=/build/eglibc-uTxVna/eglibc-2.15/elf/dl-minimal.c
fn=__libc_memalign
53 168 2 2 42 0 0 84 4 4
54 84 0 0 42 0 0 0 0 0
59 3 0 0 0 0 0 1 0 0
60 3 1 1 1 0 0 0 0 0
61 1 0 0 0 0 0 0 0 0
65 63 0 0 0 0 0 21 0 0
66 21 0 0 0 0 0 0 0 0
68 135 1 1 0 0 0 0 0 0
72 12 0 0 3 0 0 0 0 0
73 6 0 0 0 0 0 0 0 0
79 21 0 0 0 0 0 21 0 0
81 6 0 0 0 0 0 0 0 0
83 9 0 0 6 0 0 0 0 0
85 9 0 0 0 0 0 3 0 0
88 21 1 1 0 0 0 21 0 0
89 21 0 0 0 0 0 21 0 0
91 126 0 0 84 0 0 0 0 0
fn=calloc
104 64 2 2 16 0 0 32 1 1
108 16 0 0 0 0 0 0 0 0
111 32 0 0 0 0 0 0 0 0
115 16 0 0 0 0 0 16 0 0
116 40 1 1 32 0 0 0 0 0
fn=malloc
95 80 0 0 0 0 0 40 0 0
96 80 0 0 20 0 0 60 1 1
97 60 0 0 40 0 0 0 0 0
fn=strsep
320 32 1 1 4 0 0 20 0 0
323 16 0 0 4 0 0 0 0 0
325 12 0 0 8 0 0 4 0 0
326 8 0 0 0 0 0 0 0 0
330 368 1 1 61 0 0 0 0 0
335 236 0 0 0 0 0 0 0 0
337 472 0 0 118 0 0 0 0 0
345 59 0 0 0 0 0 0 0 0
348 4 0 0 2 0 0 2 0 0
352 28 1 1 24 0 0 0 0 0
fl=/build/eglibc-uTxVna/eglibc-2.15/elf/dl-misc.c
fn=_dl_name_match_p
305 312 2 2 0 0 0 156 0 0
306 234 0 0 39 0 0 117 1 0
307 39 0 0 0 0 0 0 0 0
309 39 0 0 39 0 0 0 0 0
311 158 0 0 0 0 0 0 0 0
312 258 1 1 43 3 0 129 0 0
313 3 0 0 0 0 0 0 0 0
315 40 0 0 40 0 0 0 0 0
317 75 0 0 0 0 0 0 0 0
318 234 0 0 156 0 0 0 0 0
fn=_dl_sysdep_read_whole_file
44 9 2 2 0 0 0 5 0 0
45 1 0 0 0 0 0 1 0 0
51 4 0 0 0 0 0 3 0 0
52 2 0 0 0 0 0 0 0 0
54 7 1 1 0 0 0 4 0 0
56 2 0 0 1 0 0 1 0 0
59 2 0 0 0 0 0 0 0 0
61 9 1 1 0 0 0 8 0 0
72 2 0 0 0 0 0 2 0 0
75 7 0 0 6 0 0 0 0 0
fl=/build/eglibc-uTxVna/eglibc-2.15/elf/dl-object.c
fn=_dl_add_to_namespace_list
34 27 1 1 0 0 0 15 0 0
36 9 0 0 3 0 0 6 0 0
38 16 1 1 3 0 0 0 0 0
41 18 0 0 5 0 0 0 0 0
43 2 0 0 0 0 0 2 0 0
45 2 0 0 0 0 0 2 0 0
48 2 0 0 0 0 0 1 0 0
49 6 0 0 3 0 0 0 0 0
50 12 0 0 6 0 0 6 0 0
51 12 0 0 0 0 0 6 0 0
53 6 0 0 3 0 0 6 0 0
54 18 0 0 15 0 0 0 0 0
fn=_dl_new_object
63 33 2 2 3 0 0 24 0 0
64 12 0 0 0 0 0 6 1 1
70 39 2 2 6 0 0 0 0 0
77 21 1 1 0 0 0 15 0 0
80 12 0 0 6 0 0 0 0 0
83 3 0 0 0 0 0 3 2 2
84 6 0 0 0 0 0 3 3 3
88 6 0 0 0 0 0 3 0 0
89 27 1 1 6 0 0 18 0 0
91 3 0 0 0 0 0 3 2 2
93 6 0 0 3 0 0 3 0 0
94 18 1 1 6 3 3 3 0 0
97 6 0 0 3 0 0 0 0 0
98 6 0 0 0 0 0 3 3 3
99 3 0 0 0 0 0 3 0 0
103 6 0 0 3 0 0 3 0 0
106 56 0 0 0 0 0 0 0 0
108 16 0 0 0 0 0 16 2 2
118 6 1 1 0 0 0 3 2 2
119 3 0 0 0 0 0 3 0 0
122 3 0 0 0 0 0 0 0 0
124 12 0 0 6 0 0 0 0 0
126 6 0 0 0 0 0 2 0 0
129 8 1 1 0 0 0 0 0 0
133 6 0 0 2 0 0 0 0 0
137 18 0 0 2 0 0 0 0 0
145 1 1 1 0 0 0 1 0 0
148 6 0 0 0 0 0 3 0 0
151 12 0 0 6 0 0 0 0 0
153 10 1 1 0 0 0 8 0 0
157 6 0 0 2 0 0 0 0 0
161 6 0 0 0 0 0 4 0 0
162 6 0 0 0 0 0 0 0 0
207 14 1 1 4 0 0 8 0 0
212 78 0 0 0 0 0 0 0 0
213 80 0 0 40 0 0 0 0 0
215 4 0 0 0 0 0 0 0 0
218 2 0 0 0 0 0 2 0 0
221 4 0 0 0 0 0 2 0 0
225 21 0 0 15 0 0 0 0 0
fl=/build/eglibc-uTxVna/eglibc-2.15/elf/dl-reloc.c
fn=_dl_protect_relro
335 24 1 1 0 0 0 12 0 0
336 16 0 0 8 0 0 0 0 0
337 8 0 0 4 0 0 0 0 0
338 8 0 0 4 0 0 0 0 0
341 8 0 0 0 0 0 0 0 0
342 28 1 1 0 0 0 16 0 0
348 16 0 0 12 0 0 0 0 0
fn=_dl_relocate_object
152 42 1 1 18 0 0 12 0 0
154 40 2 2 8 0 0 20 0 0
161 4 0 0 0 0 0 4 0 0
164 12 0 0 0 0 0 4 0 0
165 12 0 0 0 0 0 4 0 0
169 8 0 0 0 0 0 0 0 0
170 20 0 0 8 1 0 0 0 0
176 8 1 1 4 0 0 0 0 0
182 12 0 0 4 0 0 0 0 0
184 24 2 2 12 3 0 4 0 0
186 8 0 0 4 0 0 0 0 0
194 12 0 0 4 0 0 0 0 0
239 12 0 0 8 0 0 4 0 0
265 545 6 6 126 7 0 101 0 0
268 12 0 0 4 0 0 0 0 0
308 4 0 0 4 0 0 0 0 0
311 12 0 0 4 0 0 0 0 0
328 12 0 0 4 1 0 0 0 0
329 12 0 0 0 0 0 4 0 0
330 24 0 0 20 0 0 0 0 0
fl=/build/eglibc-uTxVna/eglibc-2.15/elf/dl-runtime.c
fn=_dl_fixup
74 48 1 1 0 0 0 30 0 0
76 6 0 0 6 0 0 0 0 0
77 18 0 0 12 2 0 6 0 0
80 12 0 0 12 3 1 0 0 0
81 42 0 0 12 2 1 6 0 0
82 24 1 1 12 1 0 12 0 0
87 12 0 0 0 0 0 0 0 0
91 18 0 0 6 3 1 0 0 0
93 6 0 0 0 0 0 0 0 0
95 18 0 0 6 2 1 0 0 0
99 10 0 0 10 1 0 0 0 0
100 15 0 0 5 1 0 0 0 0
102 15 1 1 5 2 0 0 0 0
108 6 0 0 0 0 0 0 0 0
109 18 0 0 6 0 0 0 0 0
119 78 1 1 18 2 1 36 0 0
123 18 0 0 6 0 0 0 0 0
133 42 0 0 12 0 0 0 0 0
141 6 0 0 6 0 0 0 0 0
149 24 0 0 6 0 0 0 0 0
153 18 1 1 6 2 1 0 0 0
157 36 0 0 30 0 0 0 0 0
fl=/build/eglibc-uTxVna/eglibc-2.15/elf/dl-tls.c
fn=_dl_add_to_slotinfo
817 8 2 2 1 0 0 5 0 0
823 1 0 0 1 0 0 0 0 0
826 2 0 0 1 1 0 0 0 0
831 3 0 0 1 0 0 0 0 0
872 1 0 0 0 0 0 1 0 0
873 3 1 1 1 1 0 1 0 0
874 6 1 1 5 0 0 0 0 0
fn=_dl_allocate_tls_init
376 2 0 0 0 0 0 0 0 0
377 8 1 1 0 0 0 6 0 0
378 2 0 0 0 0 0 0 0 0
382 2 0 0 1 1 0 1 0 0
384 1 1 1 0 0 0 1 0 0
385 1 0 0 0 0 0 0 0 0
390 4 0 0 2 0 0 1 0 0
395 12 0 0 5 0 0 0 0 0
401 9 0 0 3 0 0 0 0 0
404 1 1 1 1 0 0 0 0 0
405 2 0 0 0 0 0 0 0 0
411 3 0 0 1 0 0 0 0 0
413 2 1 1 0 0 0 0 0 0
414 1 0 0 1 0 0 0 0 0
423 2 1 1 1 0 0 0 0 0
424 6 0 0 3 0 0 2 0 0
426 2 0 0 1 0 0 0 0 0
427 3 0 0 1 0 0 1 0 0
435 4 1 1 2 0 0 1 0 0
436 1 0 0 0 0 0 1 1 0
437 12 0 0 4 0 0 8 0 0
451 2 1 1 1 0 0 1 0 0
454 7 1 1 6 0 0 0 0 0
fn=_dl_allocate_tls_storage
329 7 1 1 0 0 0 5 0 0
331 1 1 1 1 0 0 0 0 0
342 5 0 0 1 0 0 3 0 0
343 2 0 0 0 0 0 0 0 0
350 1 0 0 0 0 0 0 0 0
354 318 1 1 0 0 0 304 19 19
365 2 0 0 0 0 0 1 0 0
366 2 0 0 0 0 0 0 0 0
371 6 0 0 5 0 0 0 0 0
fn=_dl_determine_tlsoffset
113 7 1 1 0 0 0 5 0 0
119 4 0 0 1 0 0 1 0 0
122 4 0 0 2 0 0 0 0 0
158 9 1 1 5 0 0 0 0 0
160 10 1 1 1 0 0 6 0 0
162 3 0 0 1 0 0 0 0 0
163 2 1 1 1 0 0 0 0 0
165 4 0 0 2 0 0 1 0 0
167 7 1 1 3 0 0 2 0 0
179 2 0 0 0 0 0 0 0 0
183 8 0 0 1 0 0 1 0 0
185 4 0 0 2 0 0 0 0 0
186 1 0 0 1 0 0 0 0 0
195 1 1 1 0 0 0 1 0 0
198 8 0 0 4 0 0 1 0 0
199 1 0 0 0 0 0 1 0 0
250 2 1 1 1 0 0 1 0 0
251 6 0 0 5 0 0 0 0 0
fn=_dl_next_tls_modid
51 7 2 2 0 0 0 5 1 1
54 3 0 0 2 0 0 0 0 0
102 2 0 0 0 0 0 1 0 0
106 6 0 0 5 0 0 0 0 0
fn=allocate_dtv
289 7 1 1 0 0 0 4 0 0
296 3 0 0 1 0 0 1 1 1
297 4 0 0 0 0 0 3 0 0
298 2 0 0 0 0 0 0 0 0
307 2 0 0 0 0 0 1 0 0
313 6 0 0 4 0 0 0 0 0
fl=/build/eglibc-uTxVna/eglibc-2.15/elf/dl-version.c
fn=_dl_check_all_versions
387 9 1 1 0 0 0 6 0 0
389 1 0 0 0 0 0 0 0 0
391 16 0 0 4 0 0 0 0 0
392 28 0 0 4 0 0 0 0 0
393 16 1 1 4 0 0 4 0 0
396 7 0 0 5 0 0 0 0 0
fn=_dl_check_map_versions
62 26 0 0 10 0 0 0 0 0
63 5 0 0 5 0 0 0 0 0
64 35 1 1 0 0 0 7 0 0
180 44 1 1 0 0 0 32 0 0
181 2 0 0 0 0 0 2 0 0
189 2 0 0 0 0 0 2 0 0
195 16 0 0 4 0 0 0 0 0
197 8 0 0 4 0 0 4 0 0
199 8 1 1 4 0 0 4 0 0
200 8 0 0 4 0 0 4 0 0
202 12 0 0 4 0 0 0 0 0
205 10 0 0 6 0 0 2 0 0
209 14 1 1 2 2 2 6 0 0
226 8 0 0 6 0 0 2 0 0
230 4 0 0 0 0 0 0 0 0
234 6 0 0 2 0 0 0 0 0
239 8 0 0 4 0 0 2 0 0
243 122 2 2 74 2 2 36 0 0
251 8 0 0 4 0 0 0 0 0
254 12 0 0 4 0 0 0 0 0
259 2 0 0 0 0 0 0 0 0
263 8 0 0 4 0 0 0 0 0
277 12 1 1 4 0 0 0 0 0
280 14 0 0 12 0 0 2 0 0
283 72 0 0 36 10 10 0 0 0
286 114 0 0 38 5 5 2 0 0
290 102 0 0 0 0 0 0 0 0
294 12 1 1 4 0 0 0 0 0
299 6 0 0 3 0 0 3 0 0
300 21 1 1 3 0 0 15 0 0
301 6 0 0 0 0 0 0 0 0
309 3 0 0 0 0 0 3 0 0
312 9 1 1 6 0 0 3 0 0
314 9 0 0 3 0 0 0 0 0
317 8 0 0 8 0 0 0 0 0
321 8 0 0 2 0 0 2 0 0
324 4 0 0 4 0 0 0 0 0
326 16 0 0 4 0 0 0 0 0
328 16 0 0 8 0 0 4 0 0
329 8 1 1 0 0 0 4 3 3
330 12 0 0 4 0 0 4 0 0
331 16 0 0 8 0 0 4 0 0
334 14 0 0 6 0 0 0 0 0
339 2 0 0 0 0 0 0 0 0
342 6 0 0 2 0 0 0 0 0
352 9 1 1 3 0 0 0 0 0
355 12 0 0 10 0 0 0 0 0
359 36 0 0 36 0 0 0 0 0
361 72 0 0 36 0 0 0 0 0
365 34 0 0 34 0 0 0 0 0
366 170 0 0 68 0 0 34 9 9
367 102 0 0 34 0 0 34 0 0
368 34 0 0 0 0 0 34 0 0
371 108 1 1 36 0 0 0 0 0
375 34 0 0 0 0 0 0 0 0
381 28 0 0 24 0 0 0 0 0
fn=match_symbol
82 40 1 1 0 0 0 24 0 0
83 12 0 0 12 0 0 0 0 0
91 8 0 0 4 0 0 0 0 0
97 16 1 1 8 0 0 0 0 0
112 4 0 0 4 0 0 0 0 0
113 8 0 0 0 0 0 0 0 0
115 8 0 0 8 0 0 0 0 0
120 30 1 1 15 4 4 0 0 0
134 30 0 0 15 0 0 0 0 0
139 44 1 1 16 0 0 16 0 0
142 4 0 0 0 0 0 0 0 0
146 33 0 0 11 0 0 0 0 0
150 11 0 0 0 0 0 0 0 0
174 28 1 1 20 0 0 0 0 0
fl=/build/eglibc-uTxVna/eglibc-2.15/elf/do-rel.h
fn=_dl_relocate_object
55 16 0 0 0 0 0 0 0 0
56 32 0 0 0 0 0 16 0 0
67 32 0 0 16 0 0 0 0 0
70 96 1 1 38 0 0 8 0 0
92 16 0 0 8 0 0 8 0 0
93 28 0 0 23 0 0 5 0 0
95 37 1 1 16 0 0 0 0 0
107 39 0 0 18 0 0 4 0 0
114 9 1 1 3 0 0 0 0 0
117 24 0 0 8 1 1 0 0 0
120 3790 2 2 0 0 0 0 0 0
121 2516 0 0 1260 157 157 0 0 0
127 44 0 0 18 2 0 0 0 0
130 20 0 0 10 1 0 10 0 0
133 332 1 1 113 0 0 0 0 0
145 618 1 1 309 57 54 103 0 0
146 584 1 1 189 0 0 206 0 0
147 395 0 0 206 0 0 103 0 0
148 309 1 1 206 0 0 103 0 0
169 33 3 3 22 0 0 0 0 0
179 18 0 0 6 0 0 3 0 0
180 9 0 0 6 0 0 3 0 0
fn=_dl_start
92 2 0 0 1 0 0 1 0 0
93 1 0 0 1 0 0 0 0 0
95 2 0 0 1 0 0 0 0 0
120 35 1 1 0 0 0 0 0 0
121 22 0 0 11 0 0 0 0 0
125 3 0 0 1 0 0 0 0 0
133 30 1 1 9 0 0 1 0 0
146 40 0 0 16 1 1 0 0 0
148 16 1 1 16 0 0 0 0 0
fl=/build/eglibc-uTxVna/eglibc-2.15/elf/dynamic-link.h
fn=_dl_map_object_from_fd
115 4 0 0 0 0 0 0 0 0
119 4 0 0 0 0 0 2 0 0
121 129 1 1 43 8 8 0 0 0
123 82 0 0 0 0 0 0 0 0
124 31 0 0 0 0 0 31 4 4
128 40 0 0 0 0 0 0 0 0
129 24 0 0 0 0 0 8 2 2
130 8 1 1 0 0 0 0 0 0
133 8 0 0 0 0 0 0 0 0
136 8 0 0 0 0 0 0 0 0
137 2 0 0 0 0 0 0 0 0
138 8 0 0 2 0 0 2 0 0
139 41 0 0 0 0 0 0 0 0
146 6 0 0 2 0 0 0 0 0
166 8 0 0 4 0 0 0 0 0
167 10 0 0 6 0 0 0 0 0
168 10 0 0 6 0 0 0 0 0
169 10 1 1 6 0 0 0 0 0
171 6 0 0 2 0 0 0 0 0
174 10 0 0 6 0 0 0 0 0
176 10 0 0 6 0 0 0 0 0
177 8 1 1 4 0 0 0 0 0
178 10 0 0 6 0 0 0 0 0
184 6 0 0 2 0 0 0 0 0
191 10 1 1 2 0 0 0 0 0
196 6 0 0 2 0 0 0 0 0
200 6 1 1 2 0 0 0 0 0
201 6 0 0 4 0 0 0 0 0
213 6 0 0 2 0 0 0 0 0
218 2 0 0 1 0 0 1 0 0
220 2 0 0 0 0 0 0 0 0
222 2 0 0 0 0 0 0 0 0
224 2 0 0 0 0 0 0 0 0
227 6 1 1 2 0 0 0 0 0
229 2 0 0 1 0 0 1 0 0
231 2 0 0 0 0 0 0 0 0
234 6 0 0 2 0 0 0 0 0
fn=_dl_start
121 61 1 1 20 3 3 0 0 0
123 36 0 0 0 0 0 0 0 0
128 20 0 0 0 0 0 0 0 0
129 12 0 0 0 0 0 4 2 2
130 4 1 1 0 0 0 0 0 0
133 4 0 0 0 0 0 0 0 0
136 4 1 1 0 0 0 0 0 0
137 1 0 0 0 0 0 0 0 0
138 16 1 1 0 0 0 14 2 2
139 18 0 0 0 0 0 0 0 0
146 2 0 0 0 0 0 0 0 0
166 4 0 0 2 0 0 0 0 0
167 4 0 0 2 0 0 0 0 0
168 4 1 1 2 0 0 0 0 0
169 4 0 0 2 0 0 0 0 0
174 4 0 0 2 0 0 0 0 0
176 4 0 0 2 0 0 0 0 0
177 4 0 0 2 0 0 0 0 0
178 4 1 1 2 0 0 0 0 0
184 3 0 0 1 0 0 0 0 0
187 2 0 0 1 0 0 0 0 0
200 3 0 0 1 0 0 0 0 0
201 3 0 0 2 0 0 0 0 0
205 3 0 0 1 0 0 0 0 0
207 3 1 1 1 0 0 0 0 0
210 3 0 0 1 0 0 0 0 0
211 3 0 0 1 0 0 0 0 0
fn=dl_main
106 2 0 0 2 0 0 0 0 0
115 2 0 0 0 0 0 0 0 0
119 2 0 0 0 0 0 0 0 0
121 83 1 1 39 4 4 1 0 0
123 38 0 0 0 0 0 0 0 0
124 30 0 0 15 0 0 15 2 2
128 16 0 0 0 0 0 0 0 0
129 15 0 0 3 0 0 3 1 1
130 4 1 1 0 0 0 0 0 0
133 4 1 1 0 0 0 0 0 0
136 4 1 1 0 0 0 0 0 0
137 1 0 0 0 0 0 0 0 0
138 3 0 0 0 0 0 1 0 0
139 19 0 0 0 0 0 0 0 0
146 4 0 0 2 0 0 0 0 0
184 4 1 1 2 0 0 0 0 0
191 5 1 1 1 0 0 0 0 0
196 4 0 0 2 0 0 0 0 0
200 4 1 1 2 0 0 0 0 0
201 3 0 0 2 0 0 0 0 0
213 4 0 0 2 0 0 0 0 0
227 4 1 1 2 0 0 0 0 0
234 4 1 1 2 0 0 0 0 0
fl=/build/eglibc-uTxVna/eglibc-2.15/elf/rtld.c
fn=_dl_initial_error_catch_tsd
800 8 1 1 0 0 0 4 0 0
803 8 0 0 4 0 0 0 0 0
fn=_dl_start
290 89 2 2 21 0 0 22 0 0
302 2 0 0 0 0 0 1 0 0
303 2 0 0 0 0 0 1 0 0
304 2 0 0 0 0 0 1 0 0
305 2 0 0 0 0 0 1 0 0
306 2 1 1 0 0 0 1 0 0
327 3 0 0 0 0 0 2 0 0
331 1 0 0 0 0 0 1 0 0
337 6 1 0 1 0 0 3 0 0
346 1 0 0 0 0 0 0 0 0
349 4 0 0 2 0 0 2 1 0
353 2 1 0 1 0 0 0 0 0
366 38 0 0 0 0 0 0 0 0
367 9 2 2 0 0 0 6 1 1
385 3 0 0 0 0 0 2 1 1
411 1 0 0 0 0 0 1 1 1
414 1 0 0 0 0 0 1 1 1
542 3 1 1 1 0 0 0 0 0
547 30 3 3 13 0 0 5 0 0
549 1 0 0 1 1 1 0 0 0
574 7 0 0 5 0 0 0 0 0
fn=dl_main
724 2 1 1 1 0 0 1 0 0
728 6 0 0 1 0 0 2 0 0
888 40 0 0 0 0 0 0 0 0
892 8 1 1 0 0 0 5 0 0
898 1 0 0 0 0 0 1 0 0
900 2 0 0 0 0 0 1 0 0
901 1 0 0 0 0 0 1 1 1
907 1 0 0 0 0 0 1 0 0
911 2 0 0 0 0 0 1 0 0
914 2 0 0 0 0 0 1 1 1
918 2 1 1 0 0 0 1 1 1
919 2 0 0 0 0 0 1 0 0
924 2 0 0 0 0 0 1 0 0
927 2 0 0 0 0 0 1 1 1
934 4 0 0 2 0 0 0 0 0
1122 9 1 1 0 0 0 5 1 1
1124 2 0 0 0 0 0 0 0 0
1125 3 0 0 2 0 0 1 0 0
1126 2 1 1 1 0 0 1 0 0
1127 4 0 0 3 0 0 1 0 0
1131 3 0 0 0 0 0 1 0 0
1132 2 0 0 1 0 0 0 0 0
1153 2 0 0 1 0 0 1 0 0
1154 1 0 0 0 0 0 1 0 0
1156 1 0 0 0 0 0 1 0 0
1158 1 1 1 1 0 0 0 0 0
1161 35 1 1 6 0 0 0 0 0
1162 71 1 1 9 4 4 0 0 0
1166 3 1 1 2 0 0 1 0 0
1167 1 0 0 0 0 0 0 0 0
1171 3 0 0 2 0 0 1 0 0
1172 1 0 0 0 0 0 0 0 0
1180 1 0 0 0 0 0 1 0 0
1181 2 0 0 2 0 0 0 0 0
1183 4 1 1 1 0 0 2 0 0
1190 3 0 0 1 0 0 0 0 0
1204 4 1 1 1 0 0 1 0 0
1208 2 1 1 0 0 0 1 0 0
1216 2 0 0 2 0 0 0 0 0
1217 10 0 0 6 0 0 1 0 0
1218 4 0 0 2 0 0 0 0 0
1219 1 0 0 0 0 0 1 0 0
1222 4 0 0 4 1 1 0 0 0
1223 4 0 0 2 0 0 0 0 0
1224 2 0 0 0 0 0 2 0 0
1225 6 0 0 3 0 0 0 0 0
1226 2 0 0 0 0 0 1 0 0
1253 2 1 1 1 0 0 1 0 0
1254 1 0 0 0 0 0 0 0 0
1257 2 0 0 1 0 0 1 0 0
1258 2 0 0 1 1 1 1 0 0
1259 1 0 0 0 0 0 0 0 0
1264 4 0 0 2 0 0 0 0 0
1267 2 0 0 0 0 0 0 0 0
1269 2 1 1 0 0 0 0 0 0
1271 3 0 0 1 0 0 0 0 0
1284 3 0 0 1 0 0 0 0 0
1285 10 1 1 5 0 0 3 0 0
1290 1 0 0 0 0 0 1 0 0
1292 1 1 1 0 0 0 1 0 0
1293 1 0 0 0 0 0 1 0 0
1295 3 0 0 1 0 0 0 0 0
1296 2 0 0 0 0 0 1 0 0
1300 2 1 1 1 0 0 0 0 0
1302 2 0 0 1 0 0 0 0 0
1307 2 0 0 1 0 0 1 0 0
1310 2 0 0 1 0 0 0 0 0
1326 3 1 1 0 0 0 1 0 0
1330 3 0 0 1 0 0 0 0 0
1424 9 1 1 1 0 0 2 0 0
1429 2 1 1 1 0 0 1 0 0
1432 4 0 0 1 0 0 2 0 0
1434 1 0 0 0 0 0 1 0 0
1439 3 0 0 1 0 0 0 0 0
1442 4 1 1 2 0 0 1 0 0
1443 4 0 0 1 0 0 1 0 0
1444 4 1 1 1 0 0 2 0 0
1445 1 0 0 0 0 0 1 0 0
1446 1 0 0 1 0 0 0 0 0
1447 2 0 0 2 0 0 0 0 0
1452 2 0 0 1 0 0 0 0 0
1453 4 0 0 1 0 0 1 0 0
1457 1 0 0 1 0 0 0 0 0
1459 2 1 1 1 1 1 0 0 0
1460 1 0 0 0 0 0 1 0 0
1461 2 0 0 1 0 0 1 0 0
1465 1 0 0 0 0 0 0 0 0
1466 3 0 0 0 0 0 0 0 0
1467 4 0 0 1 1 1 0 0 0
1469 2 0 0 1 0 0 1 1 1
1470 2 1 1 1 1 1 1 0 0
1475 3 0 0 1 1 1 0 0 0
1480 3 0 0 1 0 0 0 0 0
1661 4 0 0 2 0 0 0 0 0
1664 2 0 0 1 0 0 1 0 0
1668 3 1 1 1 0 0 0 0 0
1673 2 0 0 1 0 0 1 0 0
1674 1 0 0 0 0 0 1 0 0
1678 3 0 0 1 0 0 0 0 0
1693 4 0 0 2 0 0 0 0 0
1695 2 1 1 0 0 0 2 0 0
1697 3 1 1 1 0 0 0 0 0
1704 13 2 2 0 0 0 7 0 0
1707 4 0 0 0 0 0 2 0 0
1710 14 0 0 2 0 0 6 0 0
1711 2 0 0 1 0 0 0 0 0
1712 3 0 0 1 0 0 0 0 0
1714 10 1 1 3 0 0 3 0 0
1716 1 1 1 0 0 0 0 0 0
1717 2 0 0 2 0 0 0 0 0
1718 3 1 1 2 1 1 0 0 0
1728 7 0 0 0 0 0 4 0 0
1805 4 1 1 2 0 0 0 0 0
1809 7 1 1 1 0 0 0 0 0
1810 1 0 0 0 0 0 0 0 0
1813 2 0 0 0 0 0 1 0 0
1814 1 0 0 1 0 0 0 0 0
1815 2 0 0 0 0 0 0 0 0
1816 2 1 1 1 0 0 0 0 0
1822 3 0 0 0 0 0 2 0 0
1823 10 0 0 3 0 0 3 0 0
1824 1 0 0 0 0 0 0 0 0
1826 4 1 1 4 0 0 0 0 0
1829 14 0 0 3 0 0 0 0 0
1830 12 0 0 8 0 0 0 0 0
1833 3 1 1 2 0 0 1 0 0
1834 3 0 0 1 0 0 0 0 0
1835 1 0 0 0 0 0 1 0 0
1837 8 0 0 0 0 0 0 0 0
1838 13 2 2 7 0 0 0 0 0
1848 2 0 0 0 0 0 1 0 0
1850 2 0 0 1 0 0 1 0 0
1851 3 0 0 1 0 0 0 0 0
1853 2 0 0 0 0 0 1 0 0
1855 3 0 0 0 0 0 0 0 0
1857 3 1 1 1 0 0 0 0 0
1858 1 0 0 1 0 0 0 0 0
1871 2 0 0 0 0 0 0 0 0
1872 2 0 0 1 0 0 1 0 0
1873 3 0 0 1 0 0 0 0 0
1884 5 0 0 1 0 0 1 0 0
1885 4 0 0 0 0 0 1 0 0
1886 4 1 1 0 0 0 1 0 0
1896 2 0 0 1 0 0 1 0 0
1897 3 0 0 1 0 0 0 0 0
1900 3 0 0 1 0 0 0 0 0
1903 1 0 0 0 0 0 1 0 0
1905 3 0 0 1 0 0 0 0 0
2133 4 1 1 2 0 0 0 0 0
2135 1 0 0 1 0 0 0 0 0
2189 3 1 1 1 0 0 1 0 0
2193 5 0 0 3 0 0 2 0 0
2197 2 0 0 1 0 0 1 0 0
2200 2 1 1 0 0 0 0 0 0
2208 2 0 0 1 0 0 0 0 0
2254 5 1 1 1 0 0 1 0 0
2261 1 0 0 1 0 0 0 0 0
2263 3 0 0 0 0 0 2 0 0
2264 4 1 1 2 0 0 1 0 0
2265 15 1 1 0 0 0 0 0 0
2267 16 0 0 16 1 0 0 0 0
2272 8 0 0 8 0 0 0 0 0
2274 10 1 1 0 0 0 0 0 0
2276 1 1 1 0 0 0 1 0 0
2277 1 0 0 1 0 0 0 0 0
2279 4 0 0 4 0 0 0 0 0
2281 8 0 0 4 0 0 0 0 0
2282 33 0 0 9 2 0 15 0 0
2286 14 1 1 5 1 0 0 0 0
2287 6 0 0 4 1 0 2 0 0
2289 1 0 0 0 0 0 0 0 0
2291 4 0 0 2 0 0 2 0 0
2297 3 0 0 1 0 0 0 0 0
2306 5 1 1 2 0 0 0 0 0
2307 1 0 0 1 0 0 0 0 0
2312 2 0 0 1 0 0 1 0 0
2316 2 0 0 1 0 0 0 0 0
2330 3 1 1 2 1 0 0 0 0
2332 4 0 0 2 0 0 0 0 0
2347 3 1 1 0 0 0 2 0 0
2349 1 0 0 1 0 0 0 0 0
2350 8 0 0 3 0 0 5 0 0
2351 1 0 0 0 0 0 0 0 0
2353 4 1 1 4 0 0 0 0 0
2361 1 0 0 0 0 0 1 0 0
2365 3 0 0 1 0 0 0 0 0
2385 3 0 0 0 0 0 1 0 0
2386 1 0 0 0 0 0 1 0 0
2387 1 0 0 0 0 0 1 0 0
2391 1 0 0 0 0 0 1 0 0
2396 6 0 0 5 2 0 0 0 0
fn=do_preload
809 7 1 1 0 0 0 4 0 0
811 1 0 0 0 0 0 1 0 0
815 1 0 0 0 0 0 1 0 0
816 1 0 0 0 0 0 1 0 0
817 1 1 1 0 0 0 1 0 0
819 1 0 0 1 0 0 0 0 0
821 10 0 0 0 0 0 5 0 0
822 2 0 0 1 0 0 0 0 0
832 3 1 1 1 0 0 0 0 0
836 5 0 0 4 0 0 0 0 0
fn=init_tls.part.3
721 5 0 0 0 0 0 3 0 0
734 3 0 0 1 0 0 1 0 0
737 1 0 0 0 0 0 1 0 0
738 4 1 1 0 0 0 3 0 0
745 1 0 0 0 0 0 1 0 0
749 2 0 0 1 1 1 0 0 0
750 2 0 0 0 0 0 0 0 0
751 11 1 1 1 0 0 0 0 0
752 4 0 0 4 0 0 0 0 0
753 8 0 0 4 0 0 0 0 0
757 1 0 0 0 0 0 1 0 0
759 1 0 0 0 0 0 0 0 0
761 2 0 0 0 0 0 0 0 0
764 1 1 1 0 0 0 1 0 0
771 2 0 0 0 0 0 1 0 0
772 2 0 0 0 0 0 0 0 0
778 2 1 1 1 0 0 1 0 0
786 18 1 1 2 0 0 7 0 0
789 1 0 0 0 0 0 0 0 0
790 1 0 0 0 0 0 1 0 0
793 5 0 0 3 0 0 0 0 0
fn=map_doit
630 3 1 1 1 0 0 1 0 0
632 10 0 0 3 0 0 5 1 1
634 3 0 0 2 0 0 0 0 0
fn=process_envvars
2557 9 1 1 0 0 0 6 1 1
2558 2 0 0 1 0 0 1 0 0
2560 1 0 0 0 0 0 0 0 0
2561 1 0 0 0 0 0 0 0 0
2565 6 1 1 1 0 0 1 0 0
2567 15 0 0 0 0 0 3 1 1
2571 103 1 1 21 1 1 0 0 0
2572 19 0 0 0 0 0 0 0 0
2574 4 0 0 0 0 0 0 0 0
2580 12 0 0 2 0 0 0 0 0
2603 9 1 1 1 0 0 5 0 0
2610 9 1 1 1 0 0 5 0 0
2612 2 0 0 0 0 0 1 1 1
2613 1 0 0 0 0 0 0 0 0
2656 9 2 2 1 0 0 5 0 0
2658 2 1 1 0 0 0 1 0 0
2659 1 0 0 0 0 0 0 0 0
2720 3 0 0 0 0 0 1 0 0
2726 2 0 0 1 0 0 1 0 0
2730 3 1 1 1 0 0 0 0 0
2763 2 0 0 0 0 0 0 0 0
2785 6 0 0 5 0 0 0 0 0
fn=rtld_lock_default_lock_recursive
842 5 2 1 5 0 0 0 0 0
843 5 0 0 5 1 0 0 0 0
844 5 0 0 5 0 0 0 0 0
fn=rtld_lock_default_unlock_recursive
848 5 0 0 5 0 0 0 0 0
849 5 0 0 5 1 0 0 0 0
850 5 0 0 5 0 0 0 0 0
fn=security_init
856 5 1 1 0 0 0 3 0 0
858 1 0 0 1 0 0 0 0 0
860 1 0 0 0 0 0 1 0 0
869 1 0 0 0 0 0 1 0 0
871 1 1 1 0 0 0 1 0 0
876 1 0 0 0 0 0 1 0 0
877 4 0 0 3 0 0 0 0 0
fn=version_check_doit
662 6 1 1 1 0 0 3 0 0
664 6 0 0 2 0 0 1 0 0
668 4 0 0 3 0 0 0 0 0
fl=/build/eglibc-uTxVna/eglibc-2.15/io/../sysdeps/unix/syscall-template.S
fn=???
84 46 0 0 46 0 0 0 0 0
fn=access
82 24 1 1 6 0 0 0 0 0
83 24 1 1 3 0 0 6 0 0
fn=close
82 21 1 1 3 0 0 0 0 0
83 3 0 0 3 0 0 0 0 0
fn=open
82 171 1 1 76 0 0 19 0 0
83 131 0 0 19 0 0 32 0 0
fn=read
82 18 1 1 8 0 0 2 0 0
83 2 0 0 2 0 0 0 0 0
fl=/build/eglibc-uTxVna/eglibc-2.15/io/../sysdeps/unix/sysv/linux/fxstat64.c
fn=__fxstat64
46 9 1 1 0 0 0 6 0 0
49 24 1 1 6 0 0 0 0 0
82 6 0 0 6 0 0 0 0 0
fl=/build/eglibc-uTxVna/eglibc-2.15/io/../sysdeps/unix/sysv/linux/xstat64.c
fn=__xstat64
47 48 1 1 0 0 0 32 0 0
50 173 0 0 32 0 0 15 0 0
84 32 0 0 32 0 0 0 0 0
fl=/build/eglibc-uTxVna/eglibc-2.15/libio/genops.c
fn=_IO_cleanup
951 12 0 0 4 0 0 0 0 0
953 9 0 0 3 0 0 0 0 0
954 4 0 0 0 0 0 0 0 0
955 2 0 0 0 0 0 0 0 0
957 3 0 0 1 0 0 0 0 0
962 2 1 1 1 0 0 0 0 0
987 3 1 1 0 0 0 3 0 0
1007 7 1 1 0 0 0 5 0 0
1010 3 0 0 0 0 0 3 0 0
1022 7 0 0 6 0 0 0 0 0
fn=_IO_flush_all_lockp
823 8 1 1 1 0 0 5 0 0
824 1 0 0 0 0 0 1 0 0
829 3 1 1 0 0 0 1 0 0
834 1 0 0 1 1 1 0 0 0
835 1 1 1 1 1 1 0 0 0
836 8 0 0 0 0 0 0 0 0
838 3 0 0 0 0 0 3 0 0
839 6 0 0 0 0 0 0 0 0
840 3 1 1 1 0 0 1 0 0
842 18 2 2 9 6 6 0 0 0
844 6 0 0 3 1 1 0 0 0
845 6 0 0 0 0 0 0 0 0
852 6 1 1 0 0 0 0 0 0
854 3 0 0 0 0 0 3 0 0
856 9 1 1 3 0 0 0 0 0
863 3 1 1 3 0 0 0 0 0
867 2 0 0 0 0 0 0 0 0
869 3 0 0 1 0 0 0 0 0
873 7 0 0 6 0 0 0 0 0
fl=/build/eglibc-uTxVna/eglibc-2.15/libio/oldstdfiles.c
fn=_IO_check_libio
78 4 1 1 0 0 0 3 0 0
79 3 0 0 1 0 0 0 0 0
92 3 1 1 3 0 0 0 0 0
fl=/build/eglibc-uTxVna/eglibc-2.15/malloc/arena.c
fn=ptmalloc_init
332 145 0 0 48 4 0 0 0 0
334 94 1 1 47 26 0 0 0 0
335 4 0 0 2 0 0 0 0 0
336 4 0 0 2 0 0 0 0 0
350 47 0 0 0 0 0 0 0 0
370 7 2 2 0 0 0 5 0 0
371 3 0 0 1 1 1 0 0 0
372 1 0 0 0 0 0 1 0 0
380 3 0 0 1 0 0 0 0 0
381 8 1 1 0 0 0 2 0 0
382 4 1 1 2 0 0 0 0 0
387 4 1 1 2 2 0 1 1 0
388 13 1 1 2 2 0 7 1 1
390 5 0 0 2 1 0 0 0 0
455 2 0 0 0 0 0 0 0 0
460 2 0 0 2 1 1 0 0 0
461 2 0 0 0 0 0 0 0 0
463 1 0 0 0 0 0 1 1 0
464 6 0 0 5 0 0 0 0 0
fl=/build/eglibc-uTxVna/eglibc-2.15/malloc/hooks.c
fn=malloc_hook_ini
30 6 1 1 1 0 0 3 0 0
31 2 0 0 1 0 0 1 0 0
32 1 0 0 0 0 0 1 0 0
33 2 1 1 0 0 0 1 1 0
34 3 0 0 2 0 0 0 0 0
fl=/build/eglibc-uTxVna/eglibc-2.15/malloc/malloc.c
fn=_int_free
3946 44 2 2 4 0 0 28 0 0
3957 4 0 0 0 0 0 4 0 0
3959 12 0 0 4 0 0 0 0 0
3965 16 0 0 0 0 0 0 0 0
3966 8 0 0 0 0 0 0 0 0
3976 8 0 0 0 0 0 0 0 0
3989 8 1 1 4 0 0 0 0 0
4065 8 1 1 0 0 0 0 0 0
4066 12 0 0 4 0 0 0 0 0
4080 4 0 0 0 0 0 0 0 0
4084 16 0 0 8 0 0 0 0 0
4090 8 0 0 4 0 0 0 0 0
4098 12 1 1 4 0 0 0 0 0
4104 4 0 0 0 0 0 0 0 0
4105 8 0 0 0 0 0 0 0 0
4106 12 0 0 8 0 0 0 0 0
4112 12 0 0 4 0 0 0 0 0
4116 8 0 0 4 0 0 0 0 0
4123 12 2 2 8 0 0 0 0 0
4128 8 0 0 4 0 0 0 0 0
4132 4 0 0 4 0 0 0 0 0
4140 8 0 0 4 0 0 0 0 0
4141 8 0 0 8 0 0 0 0 0
4142 8 0 0 4 0 0 0 0 0
4147 4 0 0 0 0 0 4 0 0
4148 4 0 0 0 0 0 4 0 0
4149 8 0 0 0 0 0 0 0 0
4151 4 0 0 0 0 0 4 0 0
4152 4 1 1 0 0 0 4 0 0
4154 8 0 0 4 0 0 4 0 0
4155 4 0 0 0 0 0 4 0 0
4157 12 0 0 0 0 0 4 0 0
4158 4 0 0 0 0 0 4 0 0
4188 8 0 0 0 0 0 0 0 0
4208 12 1 1 4 0 0 0 0 0
4220 24 0 0 20 0 0 0 0 0
fn=_int_malloc
2370 330 1 1 132 132 12 132 0 0
2371 66 0 0 0 0 0 0 0 0
2381 198 0 0 132 65 6 0 0 0
2439 198 1 1 66 0 0 66 0 0
2448 721 1 1 262 0 0 66 0 0
2454 195 0 0 130 0 0 0 0 0
2457 264 1 1 0 0 0 66 0 0
2507 462 1 1 198 0 0 0 0 0
2515 66 0 0 66 0 0 0 0 0
2526 396 1 1 132 0 0 66 0 0
2534 132 0 0 0 0 0 0 0 0
2535 396 1 1 132 131 12 264 0 0
2537 272 0 0 136 0 0 0 0 0
2539 124 0 0 124 61 2 0 0 0
2540 124 0 0 0 0 0 0 0 0
2553 8 0 0 0 0 0 0 0 0
2554 4 0 0 3 0 0 0 0 0
2557 136 0 0 0 0 0 62 0 0
2561 8 0 0 4 0 0 0 0 0
2563 36 2 2 0 0 0 32 0 0
2565 12 0 0 4 0 0 0 0 0
2569 16 0 0 0 0 0 4 0 0
2577 4 0 0 4 0 0 0 0 0
2582 8 0 0 0 0 0 0 0 0
2583 198 0 0 66 66 6 0 0 0
2584 1 0 0 0 0 0 1 0 0
2585 264 1 1 66 66 6 132 0 0
2591 260 0 0 130 0 0 0 0 0
2592 305 0 0 122 0 0 61 0 0
2594 28 2 2 10 0 0 0 0 0
2625 2 1 1 0 0 0 0 0 0
2634 5 0 0 0 0 0 2 0 0
2653 2 1 1 2 0 0 0 0 0
2656 2 0 0 0 0 0 0 0 0
2657 3 0 0 2 0 0 0 0 0
2659 2 0 0 0 0 0 0 0 0
2660 5 1 1 2 0 0 3 0 0
2672 3 0 0 1 0 0 0 0 0
2677 2 0 0 2 0 0 0 0 0
2678 2 0 0 0 0 0 0 0 0
2686 8 0 0 0 0 0 0 0 0
2689 8 0 0 4 0 0 0 0 0
2695 17 2 2 1 0 0 4 0 0
2696 5 0 0 0 0 0 5 0 0
2697 20 1 1 0 0 0 5 5 5
2698 15 0 0 10 0 0 5 0 0
2709 10 0 0 5 0 0 0 0 0
2715 8 0 0 4 0 0 0 0 0
2716 12 0 0 0 0 0 4 0 0
2724 4 0 0 0 0 0 4 4 4
2727 4 0 0 0 0 0 4 0 0
2731 8 0 0 0 0 0 0 0 0
2732 32 0 0 8 0 0 8 0 0
2742 132 1 1 66 0 0 0 0 0
2743 66 0 0 0 0 0 66 0 0
2748 132 0 0 66 0 0 0 0 0
2751 132 0 0 66 0 0 0 0 0
2752 66 0 0 66 0 0 0 0 0
2753 132 0 0 66 0 0 0 0 0
2754 66 0 0 0 0 0 66 0 0
2755 528 1 1 132 0 0 66 0 0
2756 132 0 0 0 0 0 66 66 66
2758 66 0 0 0 0 0 0 0 0
3455 27027 1 1 0 0 0 18018 1998 1998
3485 30030 1 1 6006 0 0 6006 0 0
3493 6006 0 0 3003 999 999 0 0 0
3529 6006 1 1 3003 0 0 0 0 0
3570 30030 2 2 6006 0 0 3003 0 0
3571 6006 0 0 3003 0 0 0 0 0
3572 2 0 0 0 0 0 1 0 0
3591 15027 1 1 6014 0 0 3003 0 0
3592 4 0 0 4 0 0 0 0 0
3593 12 0 0 4 4 4 0 0 0
3594 8 0 0 4 4 4 0 0 0
3597 4 0 0 0 0 0 0 0 0
3607 8 0 0 4 0 0 0 0 0
3610 9009 0 0 3003 0 0 3003 0 0
3637 4 0 0 0 0 0 4 0 0
3638 8 1 1 4 0 0 4 0 0
3642 8 0 0 4 0 0 0 0 0
3655 8 0 0 0 0 0 0 0 0
3661 6039 2 2 0 0 0 3007 0 0
3662 16 1 1 0 0 0 8 0 0
3663 8 0 0 4 4 4 0 0 0
3666 8 0 0 0 0 0 0 0 0
3668 2 0 0 0 0 0 0 0 0
3670 10 0 0 4 2 2 2 0 0
3671 4 0 0 2 0 0 0 0 0
3680 10 0 0 4 1 1 0 0 0
3681 4 1 1 0 0 0 0 0 0
3687 6 0 0 0 0 0 2 0 0
3689 4 0 0 2 0 0 0 0 0
3697 4 0 0 2 0 0 0 0 0
3700 8 1 1 0 0 0 4 0 0
3703 28 0 0 20 4 4 4 0 0
3704 4 0 0 0 0 0 4 0 0
3705 4 0 0 0 0 0 4 0 0
3706 4 0 0 0 0 0 4 0 0
3707 4 0 0 0 0 0 4 0 0
3710 8 0 0 4 0 0 0 0 0
3719 6006 1 1 3003 0 0 0 0 0
3720 9009 2 2 6006 0 0 0 0 0
3723 11745 0 0 4827 1909 1909 0 0 0
3790 6006 0 0 3003 0 0 0 0 0
3791 9009 0 0 6006 0 0 0 0 0
3792 6006 0 0 0 0 0 0 0 0
3793 6006 0 0 3003 995 995 0 0 0
3794 6006 0 0 0 0 0 0 0 0
3799 12012 0 0 0 0 0 0 0 0
3801 9009 1 1 0 0 0 0 0 0
3899 3003 1 1 3003 0 0 0 0 0
3900 9009 0 0 3003 123 123 0 0 0
3902 6006 0 0 3003 0 0 0 0 0
3903 2937 0 0 2937 0 0 0 0 0
3904 5874 1 1 2937 0 0 0 0 0
3905 2937 0 0 0 0 0 2937 0 0
3906 29370 0 0 2937 0 0 5874 0 0
3908 8877 1 1 0 0 0 3003 2937 2937
3911 2937 0 0 0 0 0 0 0 0
3912 8811 0 0 2937 0 0 0 0 0
3919 132 0 0 66 0 0 0 0 0
3923 9009 0 0 3003 0 0 3003 0 0
3925 81081 2 2 15015 0 0 33033 0 0
3933 528 0 0 66 0 0 0 0 0
3934 1 0 0 0 0 0 1 0 0
3938 21021 1 1 15015 0 0 0 0 0
fn=malloc
2910 24032 2 2 3004 0 0 15020 999 999
2915 6008 0 0 6008 2000 1998 0 0 0
2916 6008 0 0 0 0 0 0 0 0
2917 6 2 2 1 0 0 3 0 0
2919 9009 0 0 9009 2997 2997 0 0 0
2921 21021 1 1 6006 1000 1000 0 0 0
2924 12012 0 0 0 0 0 3003 0 0
2925 6006 0 0 0 0 0 0 0 0
2945 12012 0 0 6006 0 0 0 0 0
2946 24024 1 1 3003 0 0 0 0 0
2949 21028 0 0 15020 0 0 0 0 0
fn=malloc_consolidate
1912 254 0 0 0 0 0 0 0 0
1913 127 1 1 0 0 0 0 0 0
1914 381 0 0 0 0 0 254 16 16
1918 3 1 1 0 0 0 0 0 0
1922 3 1 1 1 0 0 1 0 0
1923 2 0 0 0 0 0 1 0 0
1925 2 0 0 0 0 0 1 0 0
4237 9 1 1 0 0 0 5 0 0
4259 4 0 0 1 0 0 0 0 0
4332 6 0 0 5 0 0 0 0 0
fl=/build/eglibc-uTxVna/eglibc-2.15/malloc/morecore.c
fn=__default_morecore
48 67 1 1 0 0 0 0 0 0
49 201 0 0 67 0 0 134 66 6
51 201 0 0 0 0 0 0 0 0
53 134 0 0 67 0 0 0 0 0
fl=/build/eglibc-uTxVna/eglibc-2.15/misc/../sysdeps/unix/syscall-template.S
fn=mprotect
82 36 1 1 16 0 0 4 0 0
83 4 0 0 4 0 0 0 0 0
fn=munmap
82 8 1 1 2 0 0 0 0 0
83 1 0 0 1 0 0 0 0 0
fl=/build/eglibc-uTxVna/eglibc-2.15/misc/../sysdeps/unix/sysv/linux/i386/brk.c
fn=brk
36 402 1 1 67 0 0 201 0 0
41 402 0 0 67 0 0 67 0 0
43 134 0 0 67 0 0 67 0 0
45 134 0 0 0 0 0 0 0 0
47 12 0 0 8 0 0 4 0 0
48 8 0 0 0 0 0 0 0 0
51 67 0 0 0 0 0 0 0 0
52 268 0 0 201 0 0 0 0 0
fl=/build/eglibc-uTxVna/eglibc-2.15/misc/../sysdeps/unix/sysv/linux/i386/mmap.S
fn=mmap
35 13 2 2 0 0 0 13 0 0
37 13 0 0 0 0 0 13 0 0
39 13 0 0 0 0 0 13 0 0
41 13 0 0 0 0 0 13 0 0
44 13 0 0 13 0 0 0 0 0
46 13 0 0 13 0 0 0 0 0
47 13 0 0 13 0 0 0 0 0
48 13 1 1 13 0 0 0 0 0
50 13 0 0 13 0 0 0 0 0
52 13 0 0 13 0 0 0 0 0
54 13 0 0 0 0 0 0 0 0
55 13 0 0 0 0 0 0 0 0
56 13 0 0 0 0 0 0 0 0
57 13 0 0 0 0 0 0 0 0
59 13 1 1 0 0 0 0 0 0
62 13 0 0 4 0 0 4 0 0
65 13 0 0 13 0 0 0 0 0
68 13 0 0 13 0 0 0 0 0
71 13 0 0 13 0 0 0 0 0
74 13 0 0 13 0 0 0 0 0
98 13 0 0 0 0 0 0 0 0
99 13 0 0 0 0 0 0 0 0
103 13 0 0 13 0 0 0 0 0
fl=/build/eglibc-uTxVna/eglibc-2.15/misc/init-misc.c
fn=__init_misc
31 7 1 1 1 0 0 4 0 0
32 5 0 0 1 0 0 0 0 0
34 3 1 1 0 0 0 3 0 0
35 2 0 0 0 0 0 0 0 0
38 3 0 0 1 1 0 1 1 0
39 3 0 0 2 0 0 1 0 0
41 5 0 0 4 0 0 0 0 0
fl=/build/eglibc-uTxVna/eglibc-2.15/misc/sbrk.c
fn=sbrk
35 536 2 2 67 0 0 335 6 6
43 466 0 0 200 72 12 0 0 0
44 6 1 1 1 0 0 2 0 0
45 1 0 0 0 0 0 0 0 0
47 134 0 0 0 0 0 0 0 0
51 198 0 0 0 0 0 0 0 0
54 132 0 0 0 0 0 132 0 0
55 198 0 0 0 0 0 0 0 0
58 469 0 0 335 0 0 0 0 0
fl=/build/eglibc-uTxVna/eglibc-2.15/nptl/../nptl/sysdeps/unix/sysv/linux/register-atfork.c
fn=__linkin_atfork
115 4 1 1 1 0 0 2 0 0
117 2 0 0 1 1 1 1 0 0
118 2 0 0 0 0 0 0 0 0
119 4 0 0 2 0 0 0 0 0
120 2 0 0 2 0 0 0 0 0
fl=/build/eglibc-uTxVna/eglibc-2.15/nptl/../nptl/sysdeps/unix/sysv/linux/unregister-atfork.c
fn=__unregister_atfork
29 9 1 1 1 0 0 5 0 0
37 1 0 0 1 1 1 0 0 0
40 4 1 1 0 0 0 0 0 0
41 2 0 0 1 1 1 0 0 0
46 1 0 0 1 0 0 0 0 0
122 6 0 0 5 0 0 0 0 0
fl=/build/eglibc-uTxVna/eglibc-2.15/posix/../sysdeps/unix/syscall-template.S
fn=uname
82 7 1 1 1 0 0 0 0 0
83 1 0 0 1 0 0 0 0 0
fl=/build/eglibc-uTxVna/eglibc-2.15/posix/../sysdeps/unix/sysv/linux/i386/_exit.S
fn=_Exit
25 1 1 1 1 0 0 0 0 0
29 1 0 0 0 0 0 0 0 0
30 1 0 0 1 0 0 1 0 0
fl=/build/eglibc-uTxVna/eglibc-2.15/setjmp/../sysdeps/i386/bsd-_setjmp.S
fn=_setjmp
36 1 1 1 0 0 0 0 0 0
37 1 0 0 1 0 0 0 0 0
41 1 0 0 0 0 0 1 0 0
42 1 0 0 0 0 0 1 0 0
43 1 0 0 0 0 0 1 0 0
44 1 0 0 0 0 0 0 0 0
46 2 0 0 1 0 0 0 0 0
48 1 0 0 0 0 0 1 0 0
49 1 0 0 1 0 0 0 0 0
51 2 0 0 1 0 0 0 0 0
53 1 0 0 0 0 0 1 0 0
55 1 0 0 0 0 0 1 0 0
57 1 0 0 0 0 0 1 0 0
58 1 0 0 1 0 0 0 0 0
fl=/build/eglibc-uTxVna/eglibc-2.15/setjmp/../sysdeps/i386/setjmp.S
fn=__sigsetjmp
34 3 1 1 3 0 0 0 0 0
38 3 0 0 0 0 0 3 0 0
39 3 0 0 0 0 0 3 0 0
40 3 0 0 0 0 0 3 0 0
41 3 0 0 0 0 0 0 0 0
45 3 1 1 0 0 0 3 1 1
46 3 0 0 3 0 0 0 0 0
50 3 0 0 0 0 0 3 0 0
52 3 0 0 0 0 0 3 0 0
56 3 0 0 0 0 0 0 0 0
57 3 0 0 3 0 0 0 0 0
fl=/build/eglibc-uTxVna/eglibc-2.15/stdlib/bsearch.c
fn=bsearch
27 150 1 1 30 0 0 90 0 0
34 498 0 0 0 0 0 0 0 0
36 392 1 1 0 0 0 0 0 0
37 784 0 0 392 0 0 196 0 0
38 784 0 0 392 0 0 588 0 0
39 392 0 0 0 0 0 0 0 0
40 126 0 0 0 0 0 0 0 0
41 70 0 0 0 0 0 0 0 0
42 63 0 0 0 0 0 0 0 0
47 53 0 0 0 0 0 53 0 0
48 180 0 0 150 0 0 0 0 0
fl=/build/eglibc-uTxVna/eglibc-2.15/stdlib/cxa_atexit.c
fn=__cxa_atexit
57 4 1 1 0 0 0 2 0 0
58 9 1 1 3 0 0 5 0 0
59 3 0 0 2 0 0 0 0 0
fn=__internal_atexit
34 4 1 1 0 0 0 2 0 0
35 3 0 0 1 0 0 2 0 0
37 2 0 0 0 0 0 0 0 0
41 3 0 0 2 0 0 0 0 0
43 1 0 0 0 0 0 1 0 0
44 2 0 0 1 0 0 1 0 0
45 2 0 0 1 0 0 1 0 0
47 1 0 0 0 0 0 1 0 0
48 1 0 0 0 0 0 0 0 0
49 3 0 0 2 0 0 0 0 0
fn=__new_exitfn
73 7 2 2 0 0 0 5 0 0
79 6 0 0 2 1 1 0 0 0
81 12 2 2 3 1 0 0 0 0
83 3 0 0 1 0 0 0 0 0
91 1 0 0 0 0 0 1 0 0
94 2 1 1 0 0 0 0 0 0
98 2 0 0 0 0 0 0 0 0
112 1 0 0 0 0 0 0 0 0
113 2 0 0 0 0 0 1 0 0
126 1 0 0 0 0 0 1 0 0
127 2 0 0 2 1 1 0 0 0
130 4 0 0 2 0 0 0 0 0
133 7 0 0 5 0 0 0 0 0
fl=/build/eglibc-uTxVna/eglibc-2.15/stdlib/cxa_finalize.c
fn=__cxa_finalize
31 8 1 1 1 0 0 5 0 0
35 7 1 1 2 0 0 0 0 0
39 7 1 1 1 0 0 0 0 0
67 6 0 0 2 0 0 0 0 0
71 8 1 1 1 1 1 0 0 0
79 2 0 0 0 0 0 0 0 0
80 2 0 0 0 0 0 1 0 0
82 5 1 1 4 0 0 0 0 0
fl=/build/eglibc-uTxVna/eglibc-2.15/stdlib/exit.c
fn=__run_exit_handlers
37 11 1 1 3 0 0 6 0 0
42 3 0 0 0 0 0 0 0 0
46 4 0 0 0 0 0 0 0 0
48 5 1 1 0 0 0 1 0 0
49 1 0 0 0 0 0 0 0 0
50 5 0 0 1 0 0 0 0 0
74 1 0 0 1 0 0 0 0 0
76 2 0 0 1 1 1 0 0 0
78 4 1 1 1 0 0 3 0 0
79 3 0 0 2 1 1 0 0 0
83 2 0 0 1 0 0 1 0 0
84 2 0 0 0 0 0 0 0 0
87 1 0 0 1 1 1 0 0 0
90 2 0 0 1 0 0 0 0 0
91 8 0 0 1 1 1 1 0 0
93 2 0 0 0 0 0 2 0 0
fn=exit
99 4 1 1 0 0 0 2 0 0
100 6 1 1 1 0 0 4 0 0
fl=/build/eglibc-uTxVna/eglibc-2.15/stdlib/rand.c
fn=rand
27 8000000 1 1 0 0 0 4000000 0 0
28 2000000 0 0 0 0 0 2000000 0 0
29 6000000 0 0 4000000 0 0 0 0 0
fl=/build/eglibc-uTxVna/eglibc-2.15/stdlib/random.c
fn=random
293 8000000 1 1 0 0 0 4000000 0 0
296 12000000 0 0 4000000 1 0 0 0 0
298 10000000 1 1 0 0 0 6000000 0 0
300 8000000 0 0 4000000 0 0 0 0 0
303 8000000 0 0 6000000 0 0 0 0 0
fn=srand
211 4 2 2 0 0 0 2 0 0
212 6 0 0 2 1 1 0 0 0
213 5 0 0 1 0 0 3 0 0
214 4 1 1 2 0 0 0 0 0
215 3 0 0 2 0 0 0 0 0
fl=/build/eglibc-uTxVna/eglibc-2.15/stdlib/random_r.c
fn=random_r
364 18002790 1 1 4000620 0 0 10001550 0 0
367 8001240 0 0 0 0 0 0 0 0
370 6000930 1 1 3936094 0 0 0 0 0
372 6000930 0 0 2000310 1 0 0 0 0
381 2000310 0 0 2000310 0 0 0 0 0
382 2000310 0 0 2000310 0 0 0 0 0
383 4000620 1 1 2000310 0 0 2000310 0 0
386 6000930 0 0 4000620 2 0 2000310 0 0
388 4000620 0 0 0 0 0 2000310 0 0
389 2000310 0 0 0 0 0 0 0 0
390 4000620 0 0 2000310 0 0 0 0 0
393 2000310 0 0 0 0 0 0 0 0
401 2000310 0 0 0 0 0 2000310 0 0
402 2000310 0 0 0 0 0 2000310 0 0
404 2000310 0 0 0 0 0 0 0 0
409 12001860 0 0 10001550 0 0 0 0 0
fn=srandom_r
165 9 1 1 2 0 0 5 0 0
173 2 0 0 0 0 0 0 0 0
175 1 0 0 1 0 0 0 0 0
176 2 0 0 0 0 0 0 0 0
179 1 0 0 1 0 0 0 0 0
181 3 0 0 0 0 0 0 0 0
183 1 0 0 0 0 0 1 0 0
184 2 0 0 0 0 0 0 0 0
189 2 0 0 1 0 0 1 0 0
190 94 0 0 1 0 0 0 0 0
196 273 1 1 0 0 0 1 0 0
197 90 0 0 0 0 0 0 0 0
199 90 0 0 0 0 0 0 0 0
200 30 0 0 0 0 0 30 2 2
203 3 0 0 1 1 0 1 0 0
204 1 0 0 0 0 0 1 0 0
205 2 0 0 1 0 0 0 0 0
206 935 1 1 0 0 0 0 0 0
209 930 0 0 0 0 0 930 0 0
213 3 1 1 0 0 0 0 0 0
216 1 0 0 0 0 0 0 0 0
217 6 0 0 5 0 0 0 0 0
fl=/build/eglibc-uTxVna/eglibc-2.15/string/../sysdeps/i386/i686/multiarch/../../i586/strchr.S
fn=index
49 6 1 1 0 0 0 6 0 0
51 6 0 0 0 0 0 6 0 0
54 6 0 0 0 0 0 6 0 0
56 6 0 0 0 0 0 6 0 0
59 6 0 0 6 0 0 0 0 0
60 6 0 0 6 0 0 0 0 0
63 6 0 0 0 0 0 0 0 0
65 6 0 0 0 0 0 0 0 0
71 6 0 0 0 0 0 0 0 0
72 6 0 0 0 0 0 0 0 0
74 6 0 0 0 0 0 0 0 0
75 6 0 0 0 0 0 0 0 0
77 6 0 0 0 0 0 0 0 0
78 6 0 0 0 0 0 0 0 0
80 6 0 0 0 0 0 0 0 0
82 2 0 0 0 0 0 0 0 0
83 2 0 0 0 0 0 0 0 0
85 1 0 0 1 0 0 0 0 0
86 1 0 0 0 0 0 0 0 0
88 1 0 0 0 0 0 0 0 0
89 1 1 1 0 0 0 0 0 0
91 1 0 0 1 0 0 0 0 0
92 1 0 0 0 0 0 0 0 0
94 1 0 0 0 0 0 0 0 0
95 1 0 0 0 0 0 0 0 0
97 1 0 0 0 0 0 0 0 0
98 1 0 0 0 0 0 0 0 0
100 1 0 0 0 0 0 0 0 0
101 1 0 0 0 0 0 0 0 0
103 1 0 0 0 0 0 0 0 0
105 2 0 0 2 1 1 0 0 0
107 2 0 0 0 0 0 0 0 0
108 2 0 0 0 0 0 0 0 0
110 2 0 0 0 0 0 0 0 0
111 2 0 0 0 0 0 0 0 0
113 2 0 0 0 0 0 0 0 0
123 6 0 0 6 1 1 0 0 0
124 6 0 0 0 0 0 0 0 0
126 6 0 0 0 0 0 0 0 0
127 6 0 0 0 0 0 0 0 0
152 8 1 1 0 0 0 0 0 0
153 8 0 0 0 0 0 0 0 0
155 8 0 0 0 0 0 0 0 0
156 8 0 0 0 0 0 0 0 0
158 8 0 0 0 0 0 0 0 0
159 8 0 0 0 0 0 0 0 0
161 8 0 0 0 0 0 0 0 0
162 8 0 0 0 0 0 0 0 0
164 8 0 0 0 0 0 0 0 0
165 8 0 0 0 0 0 0 0 0
167 8 0 0 8 2 2 0 0 0
168 8 0 0 0 0 0 0 0 0
170 8 0 0 0 0 0 0 0 0
171 8 0 0 0 0 0 0 0 0
173 8 0 0 0 0 0 0 0 0
174 8 0 0 0 0 0 0 0 0
176 8 0 0 0 0 0 0 0 0
177 8 0 0 0 0 0 0 0 0
179 8 1 1 0 0 0 0 0 0
180 8 0 0 0 0 0 0 0 0
182 7 0 0 0 0 0 0 0 0
183 7 0 0 0 0 0 0 0 0
185 7 0 0 0 0 0 0 0 0
186 7 0 0 0 0 0 0 0 0
188 7 0 0 0 0 0 0 0 0
189 7 0 0 0 0 0 0 0 0
191 7 0 0 0 0 0 0 0 0
192 7 0 0 0 0 0 0 0 0
194 7 0 0 0 0 0 0 0 0
195 7 0 0 0 0 0 0 0 0
197 7 0 0 7 0 0 0 0 0
198 7 0 0 0 0 0 0 0 0
200 7 0 0 0 0 0 0 0 0
201 7 0 0 0 0 0 0 0 0
203 7 0 0 0 0 0 0 0 0
204 7 0 0 0 0 0 0 0 0
206 7 1 1 0 0 0 0 0 0
207 7 0 0 0 0 0 0 0 0
209 7 0 0 0 0 0 0 0 0
210 7 0 0 0 0 0 0 0 0
212 7 0 0 0 0 0 0 0 0
213 7 0 0 0 0 0 0 0 0
215 7 0 0 0 0 0 0 0 0
216 7 0 0 0 0 0 0 0 0
218 6 0 0 0 0 0 0 0 0
219 6 0 0 0 0 0 0 0 0
221 6 0 0 0 0 0 0 0 0
222 6 0 0 0 0 0 0 0 0
224 4 0 0 0 0 0 0 0 0
225 4 0 0 0 0 0 0 0 0
227 4 0 0 4 0 0 0 0 0
228 4 0 0 0 0 0 0 0 0
230 4 0 0 0 0 0 0 0 0
231 4 0 0 0 0 0 0 0 0
233 4 0 0 0 0 0 0 0 0
234 4 0 0 0 0 0 0 0 0
236 4 0 0 0 0 0 0 0 0
237 4 1 1 0 0 0 0 0 0
239 4 0 0 0 0 0 0 0 0
240 4 0 0 0 0 0 0 0 0
242 4 0 0 0 0 0 0 0 0
243 4 0 0 0 0 0 0 0 0
245 4 0 0 0 0 0 0 0 0
246 4 0 0 0 0 0 0 0 0
248 3 0 0 0 0 0 0 0 0
249 3 0 0 0 0 0 0 0 0
251 3 0 0 0 0 0 0 0 0
252 3 0 0 0 0 0 0 0 0
254 2 0 0 0 0 0 0 0 0
255 2 0 0 0 0 0 0 0 0
257 2 0 0 2 0 0 0 0 0
258 2 0 0 0 0 0 0 0 0
260 2 0 0 0 0 0 0 0 0
261 2 0 0 0 0 0 0 0 0
263 2 0 0 0 0 0 0 0 0
264 2 0 0 0 0 0 0 0 0
266 2 0 0 0 0 0 0 0 0
267 2 0 0 0 0 0 0 0 0
269 2 0 0 0 0 0 0 0 0
271 2 0 0 0 0 0 0 0 0
275 1 0 0 0 0 0 0 0 0
276 1 0 0 0 0 0 0 0 0
278 1 0 0 0 0 0 0 0 0
295 6 0 0 6 0 0 0 0 0
298 6 0 0 6 0 0 0 0 0
302 6 0 0 6 0 0 0 0 0
305 6 0 0 6 0 0 0 0 0
310 6 0 0 6 0 0 0 0 0
319 5 1 1 0 0 0 0 0 0
320 5 0 0 0 0 0 0 0 0
322 5 0 0 0 0 0 0 0 0
324 5 0 0 0 0 0 0 0 0
325 5 0 0 0 0 0 0 0 0
327 4 0 0 0 0 0 0 0 0
329 4 0 0 0 0 0 0 0 0
330 4 0 0 0 0 0 0 0 0
332 4 0 0 0 0 0 0 0 0
333 4 0 0 0 0 0 0 0 0
335 1 0 0 0 0 0 0 0 0
336 1 0 0 0 0 0 0 0 0
338 1 0 0 0 0 0 0 0 0
339 1 0 0 0 0 0 0 0 0
341 1 0 0 0 0 0 0 0 0
342 1 0 0 0 0 0 0 0 0
344 1 0 0 0 0 0 0 0 0
347 1 0 0 0 0 0 0 0 0
348 1 0 0 0 0 0 0 0 0
350 5 0 0 0 0 0 0 0 0
352 5 0 0 0 0 0 0 0 0
fl=/build/eglibc-uTxVna/eglibc-2.15/string/../sysdeps/i386/i686/multiarch/../../i586/strlen.S
fn=strlen
47 12 1 1 12 0 0 0 0 0
49 12 0 0 0 0 0 0 0 0
51 12 0 0 0 0 0 0 0 0
53 12 0 0 0 0 0 0 0 0
54 3 0 0 0 0 0 0 0 0
56 2 0 0 2 0 0 0 0 0
57 2 0 0 0 0 0 0 0 0
59 2 0 0 0 0 0 0 0 0
60 2 0 0 2 0 0 0 0 0
62 2 0 0 0 0 0 0 0 0
64 2 0 0 0 0 0 0 0 0
65 2 0 0 0 0 0 0 0 0
67 2 0 0 0 0 0 0 0 0
69 2 0 0 2 0 0 0 0 0
70 2 0 0 0 0 0 0 0 0
72 1 0 0 0 0 0 0 0 0
73 1 0 0 0 0 0 0 0 0
99 21 1 1 21 0 0 0 0 0
100 21 0 0 0 0 0 0 0 0
102 21 0 0 0 0 0 0 0 0
103 21 0 0 0 0 0 0 0 0
105 21 0 0 0 0 0 0 0 0
106 21 0 0 0 0 0 0 0 0
108 21 0 0 0 0 0 0 0 0
110 21 0 0 0 0 0 0 0 0
112 21 0 0 0 0 0 0 0 0
115 21 0 0 21 0 0 0 0 0
116 21 0 0 0 0 0 0 0 0
118 21 0 0 0 0 0 0 0 0
119 21 0 0 0 0 0 0 0 0
121 21 0 0 0 0 0 0 0 0
122 21 0 0 0 0 0 0 0 0
124 20 0 0 0 0 0 0 0 0
126 20 0 0 0 0 0 0 0 0
128 20 0 0 0 0 0 0 0 0
131 20 0 0 20 0 0 0 0 0
132 20 0 0 0 0 0 0 0 0
134 20 0 0 0 0 0 0 0 0
135 20 0 0 0 0 0 0 0 0
137 20 0 0 0 0 0 0 0 0
138 20 0 0 0 0 0 0 0 0
140 18 0 0 0 0 0 0 0 0
142 18 0 0 0 0 0 0 0 0
144 18 0 0 0 0 0 0 0 0
147 16 0 0 16 0 0 0 0 0
148 16 0 0 0 0 0 0 0 0
150 16 0 0 0 0 0 0 0 0
151 16 0 0 0 0 0 0 0 0
153 16 0 0 0 0 0 0 0 0
154 16 0 0 0 0 0 0 0 0
156 12 0 0 0 0 0 0 0 0
158 12 0 0 0 0 0 0 0 0
160 12 0 0 0 0 0 0 0 0
163 11 1 1 0 0 0 0 0 0
164 11 0 0 0 0 0 0 0 0
166 11 0 0 0 0 0 0 0 0
167 11 0 0 0 0 0 0 0 0
169 10 0 0 0 0 0 0 0 0
170 10 0 0 0 0 0 0 0 0
172 10 0 0 0 0 0 0 0 0
174 3 0 0 0 0 0 0 0 0
175 3 0 0 0 0 0 0 0 0
177 3 0 0 0 0 0 0 0 0
178 3 0 0 0 0 0 0 0 0
180 2 0 0 0 0 0 0 0 0
183 12 1 1 12 0 0 0 0 0
187 12 0 0 12 0 0 0 0 0
fl=/build/eglibc-uTxVna/eglibc-2.15/string/../sysdeps/i386/i686/multiarch/../../strrchr.S
fn=__GI_strrchr
37 1 1 1 0 0 0 1 0 0
40 1 0 0 0 0 0 1 0 0
43 1 0 0 0 0 0 0 0 0
44 1 0 0 1 0 0 0 0 0
46 1 0 0 1 0 0 0 0 0
53 1 0 0 0 0 0 0 0 0
54 1 0 0 0 0 0 0 0 0
55 1 0 0 0 0 0 0 0 0
56 1 0 0 0 0 0 0 0 0
69 1 0 0 0 0 0 0 0 0
70 1 0 0 0 0 0 0 0 0
71 1 0 0 1 1 0 0 0 0
72 1 0 0 0 0 0 0 0 0
73 1 0 0 0 0 0 0 0 0
75 1 0 0 0 0 0 0 0 0
76 1 0 0 0 0 0 0 0 0
77 1 0 0 0 0 0 0 0 0
79 1 0 0 0 0 0 0 0 0
80 1 0 0 0 0 0 0 0 0
159 1 0 0 0 0 0 0 0 0
160 1 0 0 0 0 0 0 0 0
161 1 0 0 0 0 0 0 0 0
162 1 0 0 0 0 0 0 0 0
163 1 0 0 0 0 0 0 0 0
171 1 0 0 0 0 0 0 0 0
172 1 0 0 0 0 0 0 0 0
173 1 0 0 0 0 0 0 0 0
176 1 0 0 0 0 0 0 0 0
178 2 1 1 2 0 0 0 0 0
179 2 0 0 0 0 0 0 0 0
180 2 0 0 0 0 0 0 0 0
191 2 0 0 0 0 0 0 0 0
195 2 0 0 0 0 0 0 0 0
198 2 0 0 0 0 0 0 0 0
199 2 0 0 0 0 0 0 0 0
203 2 1 1 0 0 0 0 0 0
209 1 0 0 0 0 0 0 0 0
211 1 0 0 0 0 0 0 0 0
212 1 0 0 0 0 0 0 0 0
215 1 0 0 0 0 0 0 0 0
216 1 0 0 0 0 0 0 0 0
217 1 0 0 0 0 0 0 0 0
218 1 0 0 0 0 0 0 0 0
220 1 0 0 0 0 0 0 0 0
305 1 1 1 0 0 0 0 0 0
306 1 0 0 0 0 0 0 0 0
308 1 0 0 0 0 0 0 0 0
309 1 0 0 0 0 0 0 0 0
311 1 0 0 0 0 0 0 0 0
312 1 0 0 0 0 0 0 0 0
314 1 0 0 0 0 0 0 0 0
315 1 0 0 0 0 0 0 0 0
317 1 0 0 0 0 0 0 0 0
318 1 0 0 0 0 0 0 0 0
319 1 0 0 0 0 0 0 0 0
321 1 0 0 0 0 0 0 0 0
322 1 0 0 0 0 0 0 0 0
330 1 0 0 1 0 0 0 0 0
333 1 0 0 1 0 0 0 0 0
338 1 0 0 1 0 0 0 0 0
fl=/build/eglibc-uTxVna/eglibc-2.15/string/../sysdeps/i386/i686/multiarch/../memcmp.S
fn=???
52 504 1 1 504 0 0 0 0 0
53 504 0 0 504 0 0 0 0 0
fn=bcmp
58 12 1 1 0 0 0 12 0 0
60 12 0 0 12 0 0 0 0 0
61 12 0 0 12 0 0 0 0 0
62 12 0 0 12 0 0 0 0 0
64 12 0 0 0 0 0 0 0 0
65 12 0 0 0 0 0 0 0 0
83 12 0 0 0 0 0 0 0 0
85 12 0 0 0 0 0 12 0 0
87 12 0 0 0 0 0 0 0 0
89 12 0 0 0 0 0 0 0 0
90 12 1 1 0 0 0 0 0 0
92 36 0 0 12 2 2 12 0 0
93 12 0 0 0 0 0 0 0 0
94 12 0 0 0 0 0 0 0 0
95 12 0 0 0 0 0 0 0 0
109 1 0 0 1 1 1 0 0 0
110 1 0 0 1 0 0 0 0 0
111 1 0 0 0 0 0 0 0 0
112 1 0 0 0 0 0 0 0 0
114 4 0 0 4 1 1 0 0 0
115 4 0 0 4 0 0 0 0 0
116 4 0 0 0 0 0 0 0 0
117 4 0 0 0 0 0 0 0 0
119 5 1 1 5 1 1 0 0 0
120 5 0 0 5 1 1 0 0 0
121 5 0 0 0 0 0 0 0 0
122 5 0 0 0 0 0 0 0 0
124 5 0 0 5 0 0 0 0 0
125 5 0 0 5 2 2 0 0 0
126 5 0 0 0 0 0 0 0 0
127 5 0 0 0 0 0 0 0 0
129 5 0 0 5 0 0 0 0 0
130 5 0 0 5 0 0 0 0 0
131 5 0 0 0 0 0 0 0 0
132 5 1 1 0 0 0 0 0 0
134 5 0 0 5 0 0 0 0 0
137 5 0 0 0 0 0 0 0 0
138 10 0 0 10 0 0 0 0 0
268 1 0 0 1 1 1 0 0 0
269 1 0 0 1 1 1 0 0 0
270 1 0 0 0 0 0 0 0 0
271 1 0 0 0 0 0 0 0 0
273 5 1 1 5 0 0 0 0 0
274 5 0 0 5 2 2 0 0 0
275 5 0 0 0 0 0 0 0 0
276 5 0 0 0 0 0 0 0 0
278 4 0 0 4 0 0 0 0 0
279 4 0 0 4 0 0 0 0 0
280 4 0 0 0 0 0 0 0 0
281 4 0 0 0 0 0 0 0 0
282 4 0 0 0 0 0 0 0 0
283 4 0 0 0 0 0 0 0 0
284 4 0 0 4 0 0 0 0 0
285 4 0 0 4 0 0 0 0 0
286 4 1 1 0 0 0 0 0 0
287 4 0 0 4 0 0 0 0 0
290 4 0 0 0 0 0 0 0 0
291 8 0 0 8 0 0 0 0 0
361 3 1 1 0 0 0 0 0 0
362 3 0 0 0 0 0 0 0 0
373 3 0 0 0 0 0 0 0 0
374 3 0 0 0 0 0 0 0 0
375 3 0 0 3 0 0 0 0 0
378 6 0 0 6 0 0 0 0 0
fl=/build/eglibc-uTxVna/eglibc-2.15/string/../sysdeps/i386/i686/multiarch/../memcpy.S
fn=memcpy
44 12 1 1 0 0 0 0 0 0
45 12 0 0 12 0 0 0 0 0
46 12 0 0 0 0 0 0 0 0
47 12 0 0 12 0 0 0 0 0
49 12 0 0 0 0 0 0 0 0
50 12 0 0 0 0 0 0 0 0
51 12 0 0 0 0 0 0 0 0
52 12 0 0 12 0 0 0 0 0
53 12 0 0 0 0 0 0 0 0
54 12 0 0 0 0 0 0 0 0
56 9 0 0 0 0 0 0 0 0
57 9 0 0 0 0 0 0 0 0
59 9 0 0 0 0 0 0 0 0
60 9 0 0 0 0 0 0 0 0
71 9 0 0 0 0 0 9 0 0
72 9 0 0 0 0 0 0 0 0
73 9 0 0 0 0 0 0 0 0
74 9 0 0 0 0 0 0 0 0
75 50 0 0 41 0 0 41 3 3
77 9 0 0 0 0 0 0 0 0
78 17 0 0 8 0 0 8 0 0
80 9 0 0 9 0 0 0 0 0
82 12 0 0 0 0 0 0 0 0
83 12 0 0 0 0 0 0 0 0
84 12 0 0 12 0 0 0 0 0
88 12 0 0 12 0 0 0 0 0
94 3 1 1 0 0 0 0 0 0
95 3 0 0 0 0 0 0 0 0
96 2 0 0 2 0 0 2 1 1
97 3 0 0 0 0 0 0 0 0
98 3 0 0 0 0 0 0 0 0
99 2 0 0 2 0 0 2 0 0
100 17 1 1 14 0 0 14 0 0
102 3 0 0 0 0 0 0 0 0
fl=/build/eglibc-uTxVna/eglibc-2.15/string/../sysdeps/i386/i686/multiarch/../mempcpy.S
fn=mempcpy
44 49 1 1 49 0 0 0 0 0
45 49 0 0 0 0 0 0 0 0
47 49 0 0 49 0 0 0 0 0
49 49 0 0 0 0 0 0 0 0
51 49 0 0 49 0 0 0 0 0
53 49 0 0 0 0 0 0 0 0
54 49 0 0 0 0 0 0 0 0
55 49 0 0 0 0 0 0 0 0
56 14 0 0 14 1 1 14 2 2
57 49 0 0 0 0 0 0 0 0
58 49 0 0 0 0 0 0 0 0
59 32 0 0 32 0 0 32 0 0
60 147 0 0 98 1 0 98 3 3
62 49 0 0 0 0 0 0 0 0
64 49 1 1 0 0 0 0 0 0
69 49 0 0 49 0 0 0 0 0
fl=/build/eglibc-uTxVna/eglibc-2.15/string/../sysdeps/i386/i686/multiarch/../memset.S
fn=memset
52 9 1 1 0 0 0 0 0 0
53 9 0 0 0 0 0 9 0 0
55 9 0 0 9 0 0 0 0 0
56 9 0 0 9 0 0 0 0 0
61 9 0 0 9 0 0 0 0 0
63 9 0 0 0 0 0 0 0 0
64 9 0 0 0 0 0 0 0 0
66 9 0 0 0 0 0 0 0 0
67 9 0 0 0 0 0 0 0 0
68 4 0 0 0 0 0 0 0 0
69 2 0 0 0 0 0 2 0 0
70 2 0 0 0 0 0 0 0 0
71 2 0 0 0 0 0 0 0 0
72 4 0 0 0 0 0 4 0 0
73 4 0 0 0 0 0 0 0 0
74 4 0 0 0 0 0 0 0 0
79 5 0 0 0 0 0 0 0 0
80 5 0 0 0 0 0 0 0 0
81 5 0 0 0 0 0 0 0 0
83 5 0 0 0 0 0 0 0 0
85 96 0 0 0 0 0 91 6 6
87 5 0 0 0 0 0 0 0 0
88 5 0 0 0 0 0 0 0 0
93 9 0 0 9 0 0 0 0 0
96 9 0 0 9 0 0 0 0 0
104 9 0 0 9 0 0 0 0 0
fl=/build/eglibc-uTxVna/eglibc-2.15/string/../sysdeps/i386/i686/multiarch/../strcmp.S
fn=strcmp
34 200 1 1 200 0 0 0 0 0
35 200 0 0 200 0 0 0 0 0
39 1291 0 0 1291 20 13 0 0 0
40 1291 0 0 1291 9 2 0 0 0
41 1291 0 0 0 0 0 0 0 0
42 1206 0 0 0 0 0 0 0 0
43 1206 0 0 0 0 0 0 0 0
44 1206 0 0 0 0 0 0 0 0
45 1206 0 0 0 0 0 0 0 0
47 115 0 0 0 0 0 0 0 0
53 115 0 0 115 0 0 0 0 0
56 85 0 0 0 0 0 0 0 0
57 85 0 0 0 0 0 0 0 0
58 85 0 0 0 0 0 0 0 0
70 85 0 0 85 0 0 0 0 0
fl=/build/eglibc-uTxVna/eglibc-2.15/string/../sysdeps/i386/i686/multiarch/memrchr.S
fn=memrchr
45 1 1 1 0 0 0 1 0 0
47 1 0 0 0 0 0 1 0 0
48 1 0 0 0 0 0 0 0 0
49 1 0 0 1 0 0 0 0 0
50 1 0 0 0 0 0 0 0 0
53 1 1 1 1 0 0 0 0 0
54 1 0 0 0 0 0 0 0 0
55 1 0 0 1 0 0 0 0 0
56 1 0 0 0 0 0 0 0 0
72 1 0 0 0 0 0 0 0 0
73 1 0 0 1 0 0 0 0 0
75 1 0 0 1 0 0 0 0 0
fl=/build/eglibc-uTxVna/eglibc-2.15/string/../sysdeps/i386/i686/multiarch/strcat.S
fn=???
55 6006495 1 1 6006495 0 0 0 0 0
56 6006495 0 0 6006495 0 0 0 0 0
fl=/build/eglibc-uTxVna/eglibc-2.15/string/../sysdeps/i386/i686/multiarch/strncase.S
fn=strncasecmp
27 1 1 1 0 0 0 1 0 0
30 1 0 0 0 0 0 1 0 0
31 1 0 0 0 0 0 0 0 0
32 1 1 1 1 0 0 0 0 0
33 1 0 0 0 0 0 0 0 0
35 1 0 0 0 0 0 0 0 0
36 1 0 0 1 0 0 0 0 0
37 1 0 0 0 0 0 0 0 0
38 1 0 0 0 0 0 0 0 0
39 1 0 0 1 0 0 0 0 0
40 1 0 0 0 0 0 0 0 0
42 1 0 0 1 0 0 0 0 0
45 1 0 0 1 0 0 0 0 0
fl=/build/eglibc-uTxVna/eglibc-2.15/string/../sysdeps/i386/i686/multiarch/strnlen.S
fn=strnlen
37 1 1 1 0 0 0 1 0 0
40 1 0 0 0 0 0 1 0 0
41 1 0 0 0 0 0 0 0 0
42 1 0 0 1 1 1 0 0 0
43 1 0 0 0 0 0 0 0 0
44 1 0 0 0 0 0 1 0 0
45 1 0 0 0 0 0 0 0 0
46 1 1 1 1 0 0 0 0 0
47 1 0 0 0 0 0 0 0 0
48 1 0 0 0 0 0 0 0 0
49 1 0 0 1 0 0 0 0 0
52 1 0 0 1 0 0 0 0 0
fl=/build/eglibc-uTxVna/eglibc-2.15/string/../sysdeps/x86_64/cacheinfo.c
fn=handle_intel
307 15 1 1 0 0 0 9 0 0
308 6 0 0 0 0 0 0 0 0
313 3 0 0 0 0 0 0 0 0
319 6 0 0 0 0 0 6 0 0
321 6 0 0 0 0 0 3 0 0
322 6 0 0 0 0 0 3 0 0
324 8 0 0 3 0 0 3 0 0
330 21 1 1 0 0 0 9 0 0
335 6 0 0 3 0 0 0 0 0
337 10 1 1 1 0 0 3 0 0
338 3 0 0 0 0 0 0 0 0
342 15 0 0 3 0 0 9 0 0
343 6 0 0 0 0 0 0 0 0
346 15 1 1 6 0 0 9 0 0
347 6 0 0 0 0 0 0 0 0
350 15 0 0 6 0 0 9 0 0
351 6 0 0 0 0 0 0 0 0
354 15 0 0 6 0 0 9 0 0
355 6 0 0 0 0 0 0 0 0
359 3 0 0 0 0 0 0 0 0
361 4 0 0 1 0 0 0 0 0
364 15 1 1 12 0 0 0 0 0
fn=init_cacheinfo
552 7 1 1 0 0 0 5 0 0
565 3 0 0 1 0 0 0 0 0
572 2 0 0 0 0 0 0 0 0
574 4 1 1 1 0 0 1 0 0
577 1 0 0 0 0 0 1 0 0
578 4 0 0 1 0 0 1 0 0
580 2 0 0 0 0 0 0 0 0
583 1 0 0 0 0 0 1 0 0
584 5 1 1 1 0 0 1 0 0
591 2 0 0 1 0 0 1 0 0
609 5 1 1 1 0 0 1 0 0
616 21 0 0 0 0 0 1 0 0
622 6 0 0 0 0 0 0 0 0
625 15 0 0 3 0 0 0 0 0
627 3 1 1 1 0 0 0 0 0
633 5 0 0 1 0 0 1 0 0
659 2 1 1 1 0 0 0 0 0
671 4 0 0 0 0 0 0 0 0
672 5 1 1 0 0 0 0 0 0
746 2 1 1 0 0 0 0 0 0
748 3 0 0 0 0 0 1 0 0
749 1 0 0 0 0 0 1 1 1
751 1 0 0 0 0 0 0 0 0
752 3 0 0 0 0 0 1 0 0
753 1 0 0 0 0 0 1 0 0
756 2 0 0 0 0 0 0 0 0
758 3 0 0 0 0 0 1 0 0
759 1 0 0 0 0 0 1 0 0
761 1 0 0 0 0 0 0 0 0
762 3 0 0 0 0 0 1 0 0
763 1 0 0 0 0 0 1 0 0
765 6 0 0 5 0 0 0 0 0
fn=intel_02_known_compare
145 196 1 1 0 0 0 196 0 0
152 980 0 0 784 9 9 0 0 0
153 196 0 0 0 0 0 0 0 0
155 378 0 0 0 0 0 0 0 0
156 392 0 0 392 0 0 0 0 0
fn=intel_check_word
163 108 1 1 0 0 0 72 0 0
164 24 1 1 0 0 0 0 0 0
170 81 0 0 0 0 0 0 0 0
172 68 0 0 0 0 0 0 0 0
174 60 1 1 0 0 0 0 0 0
176 60 1 1 0 0 0 0 0 0
184 60 0 0 0 0 0 0 0 0
237 66 0 0 0 0 0 0 0 0
258 4 0 0 1 0 0 0 0 0
272 30 1 1 0 0 0 30 0 0
273 249 0 0 0 0 0 180 0 0
275 60 0 0 0 0 0 0 0 0
277 28 0 0 7 0 0 0 0 0
279 4 1 1 2 0 0 0 0 0
281 4 0 0 0 0 0 0 0 0
283 4 1 1 2 0 0 0 0 0
291 10 0 0 0 0 0 0 0 0
292 6 1 1 2 0 0 2 0 0
297 28 0 0 0 0 0 0 0 0
301 10 0 0 0 0 0 0 0 0
302 72 0 0 60 0 0 0 0 0
fl=/build/eglibc-uTxVna/eglibc-2.15/time/../sysdeps/unix/sysv/linux/time.c
fn=time
29 1 0 0 1 0 0 0 0 0
31 6 1 1 1 0 0 1 0 0
33 2 0 0 0 0 0 0 0 0
36 1 0 0 1 0 0 0 0 0
fl=/build/eglibc-uTxVna/eglibc-2.15/wcsmbs/../sysdeps/i386/i686/multiarch/wcslen.S
fn=wcslen
37 1 1 1 0 0 0 1 0 0
40 1 0 0 0 0 0 1 0 0
41 1 0 0 0 0 0 0 0 0
42 1 0 0 1 0 0 0 0 0
43 1 0 0 0 0 0 0 0 0
45 1 0 0 0 0 0 0 0 0
46 1 0 0 1 0 0 0 0 0
47 1 0 0 0 0 0 0 0 0
48 1 1 1 0 0 0 0 0 0
49 1 0 0 1 0 0 0 0 0
52 1 0 0 1 0 0 0 0 0
fl=/home/julio/Desktop/ALG/task01a.c
fn=generate
27 8 1 1 0 0 0 4 0 0
29 16 1 1 6 1 0 6 1 0
30 10012 1 1 8006 0 0 2 0 0
31 22000 0 0 10000 0 0 6000 125 125
32 10012000 0 0 8006000 0 0 2000 0 0
33 50000000 1 1 10000000 0 0 4000000 123250 123250
35 8 0 0 6 0 0 0 0 0
fn=main
54 7 1 1 1 0 0 3 0 0
55 4 0 0 0 0 0 4 0 0
57 2 1 1 0 0 0 2 0 0
59 8 0 0 4 0 0 4 0 0
61 3 0 0 0 0 0 2 0 0
62 3 0 0 0 0 0 2 0 0
69 16 1 1 6 0 0 8 0 0
75 1 0 0 0 0 0 0 0 0
76 4 0 0 3 1 1 0 0 0
fn=three_nested_loop
37 5 0 0 0 0 0 3 0 0
39 4 0 0 2 0 0 2 0 0
41 5 1 1 1 0 0 3 0 0
42 4005 1 1 3002 0 0 1 0 0
43 9000 0 0 3000 0 0 3000 1061 1061
44 4005000 1 1 3002000 0 0 1000 0 0
45 9000000 0 0 4000000 0 0 1000000 62502 62502
46 4005000000 0 0 3002000000 0 0 1000000 0 0
47 38000000000 1 1 19000000000 1127363275 62678624 1000000000 0 0
50 7 0 0 4 0 0 3 0 0
51 6 0 0 5 0 0 0 0 0
fl=???
fn=???
0 2003259 23 20 2003122 1007 1003 59 1 1
fn=__libc_csu_init
0 21 1 1 6 0 0 6 0 0
fn=_dl_sysinfo_int80
0 145 1 1 72 0 0 0 0 0
summary: 42236839620 808 802 22091215649 1127376768 62691260 1042138847 193208 193128
