desc: I1 cache:         32768 B, 64 B, 8-way associative
desc: D1 cache:         32768 B, 64 B, 8-way associative
desc: LL cache:         2097152 B, 64 B, 8-way associative
cmd: ./a.out
events: Ir I1mr ILmr Dr D1mr DLmr Dw D1mw DLmw 
fl=/build/eglibc-uTxVna/eglibc-2.15/csu/../sysdeps/unix/sysv/linux/init-first.c
fn=_init
53 10 1 1 3 0 0 5 0 0
59 4 0 0 1 0 0 1 1 1
68 5 1 1 4 1 0 0 0 0
74 1 0 0 0 0 0 1 1 1
75 1 0 0 0 0 0 1 0 0
76 2 1 1 1 1 0 1 1 1
90 4 0 0 0 0 0 4 0 0
98 1 0 0 0 0 0 0 0 0
103 5 0 0 4 0 0 0 0 0
fl=/build/eglibc-uTxVna/eglibc-2.15/csu/../sysdeps/x86_64/multiarch/init-arch.c
fn=__init_cpu_features
32 9 1 1 0 0 0 5 0 0
38 3 0 0 0 0 0 0 0 0
39 4 0 0 0 0 0 1 0 0
45 7 2 2 0 0 0 5 0 0
53 5 0 0 0 0 0 1 0 0
56 6 0 0 0 0 0 0 0 0
58 1 0 0 0 0 0 1 0 0
65 4 1 1 1 0 0 1 0 0
69 3 0 0 0 0 0 0 0 0
70 2 0 0 0 0 0 0 0 0
75 2 0 0 0 0 0 0 0 0
77 1 0 0 1 0 0 0 0 0
78 1 1 1 1 0 0 0 0 0
79 4 0 0 1 0 0 0 0 0
90 2 0 0 1 0 0 0 0 0
148 2 1 1 0 0 0 0 0 0
169 1 0 0 0 0 0 1 0 0
170 2 0 0 1 0 0 1 0 0
172 2 1 1 1 0 0 1 0 0
173 6 0 0 5 0 0 0 0 0
fl=/build/eglibc-uTxVna/eglibc-2.15/csu/libc-start.c
fn=(below main)
96 9 1 1 2 0 0 5 0 0
106 7 2 2 2 0 0 1 0 0
158 2 0 0 0 0 0 0 0 0
159 4 1 1 0 0 0 4 0 0
181 4 0 0 2 0 0 0 0 0
184 2 0 0 0 0 0 0 0 0
185 8 1 1 4 0 0 4 0 0
189 4 0 0 2 0 0 0 0 0
204 2 0 0 0 0 0 0 0 0
213 3 0 0 0 0 0 2 0 0
214 2 0 0 0 0 0 0 0 0
219 2 0 0 1 1 0 1 0 0
220 2 0 0 1 1 0 1 0 0
223 2 0 0 0 0 0 1 0 0
226 8 0 0 5 0 0 4 0 0
258 2 1 1 0 0 0 2 1 1
fl=/build/eglibc-uTxVna/eglibc-2.15/ctype/ctype-info.c
fn=__ctype_init
31 5 1 1 0 0 0 3 0 0
33 8 1 1 6 1 0 1 0 0
35 4 0 0 2 0 0 1 0 0
37 4 0 0 2 0 0 1 0 0
38 4 0 0 3 0 0 0 0 0
fl=/build/eglibc-uTxVna/eglibc-2.15/elf/../elf/dl-sysdep.c
fn=_dl_important_hwcaps
352 18 0 0 9 0 0 0 0 0
354 11 2 2 0 0 0 8 0 0
356 6 0 0 4 0 0 2 0 0
357 5 0 0 1 0 0 1 0 0
366 385 2 2 55 0 0 0 0 0
367 216 0 0 54 0 0 0 0 0
368 54 0 0 27 0 0 0 0 0
374 1 0 0 0 0 0 0 0 0
375 1 0 0 0 0 0 0 0 0
376 5 0 0 2 0 0 1 0 0
418 3 1 1 1 0 0 1 0 0
420 8 1 1 1 0 0 4 0 0
435 5 0 0 0 0 0 0 0 0
436 2 0 0 0 0 0 1 0 0
438 2 1 1 0 0 0 0 0 0
448 2 1 1 0 0 0 0 0 0
465 149 3 3 59 0 0 1 0 0
466 270 0 0 54 0 0 0 0 0
468 10 1 1 4 0 0 4 0 0
469 52 0 0 6 3 3 2 0 0
470 28 0 0 4 0 0 4 0 0
471 2 0 0 2 0 0 0 0 0
473 3 0 0 1 0 0 0 0 0
475 3 0 0 1 0 0 1 0 0
476 4 0 0 1 0 0 1 0 0
480 3 0 0 0 0 0 1 0 0
481 1 0 0 0 0 0 1 0 0
484 2 1 1 1 0 0 0 0 0
487 2 0 0 1 0 0 0 0 0
488 1 0 0 1 0 0 0 0 0
491 3 0 0 2 0 0 0 0 0
492 2 0 0 0 0 0 0 0 0
494 1 1 1 0 0 0 0 0 0
495 11 0 0 2 0 0 0 0 0
496 4 0 0 2 0 0 0 0 0
497 2 0 0 1 0 0 0 0 0
498 2 0 0 1 0 0 0 0 0
499 3 0 0 0 0 0 0 0 0
500 3 0 0 1 0 0 0 0 0
504 4 0 0 1 0 0 0 0 0
510 7 0 0 2 0 0 2 0 0
511 6 1 1 0 0 0 4 0 0
512 3 0 0 1 0 0 0 0 0
519 2 0 0 1 0 0 0 0 0
541 5 0 0 2 0 0 2 0 0
544 2 0 0 1 0 0 0 0 0
551 18 1 1 6 0 0 6 0 0
554 4 0 0 0 0 0 0 0 0
557 32 1 1 8 0 0 20 0 0
560 36 0 0 8 0 0 0 0 0
561 32 0 0 0 0 0 0 0 0
562 40 1 1 12 0 0 24 0 0
565 32 0 0 8 0 0 20 0 0
567 8 0 0 0 0 0 0 0 0
572 57 1 1 3 0 0 0 0 0
573 16 0 0 0 0 0 16 1 1
577 16 0 0 0 0 0 4 0 0
580 152 0 0 12 0 0 0 0 0
581 192 1 1 64 0 0 0 0 0
582 96 0 0 64 0 0 0 0 0
584 8 0 0 0 0 0 0 0 0
587 4 0 0 1 0 0 1 0 0
588 2 1 1 1 0 0 0 0 0
589 19 1 1 9 0 0 1 0 0
591 18 0 0 0 0 0 0 0 0
592 9 0 0 6 0 0 3 0 0
594 6 0 0 3 0 0 3 0 0
595 6 0 0 0 0 0 0 0 0
602 28 0 0 9 0 0 8 0 0
603 8 0 0 0 0 0 0 0 0
605 16 0 0 0 0 0 0 0 0
608 4 0 0 3 0 0 1 0 0
611 7 0 0 6 0 0 0 0 0
fn=_dl_sysdep_start
86 38 1 1 0 0 0 0 0 0
89 8 2 2 1 0 0 5 1 1
90 1 0 0 0 0 0 1 0 0
91 3 1 1 0 0 0 1 0 0
110 1 0 0 0 0 0 0 0 0
113 1 0 0 0 0 0 1 0 0
114 191 0 0 47 3 3 4 1 1
117 2 0 0 0 0 0 1 0 0
118 1 0 0 0 0 0 1 1 1
120 121 4 4 39 2 2 21 0 0
121 105 0 0 16 3 3 0 0 0
124 3 0 0 1 1 1 1 0 0
127 2 0 0 1 0 0 1 0 0
130 2 1 1 1 0 0 1 0 0
133 2 0 0 1 0 0 1 0 0
154 2 1 1 1 0 0 1 0 0
157 2 0 0 1 0 0 1 0 0
160 4 1 1 1 0 0 2 0 0
163 2 1 1 1 0 0 1 0 0
179 2 1 1 1 0 0 1 0 0
213 3 0 0 1 0 0 0 0 0
227 4 1 1 0 0 0 3 0 0
229 5 1 1 0 0 0 2 0 0
241 3 0 0 1 0 0 0 0 0
244 8 0 0 3 0 0 5 0 0
246 7 0 0 6 2 0 0 0 0
fn=_dl_sysdep_start_cleanup
252 1 1 1 1 0 0 0 0 0
fl=/build/eglibc-uTxVna/eglibc-2.15/elf/../misc/sbrk.c
fn=sbrk
35 7 1 1 1 0 0 4 1 1
43 6 1 1 2 0 0 0 0 0
47 2 0 0 0 0 0 0 0 0
58 6 0 0 4 0 0 0 0 0
fl=/build/eglibc-uTxVna/eglibc-2.15/elf/../sysdeps/i386/dl-machine.h
fn=_dl_fixup
277 27 0 0 18 0 0 9 0 0
fn=_dl_relocate_object
104 17 2 2 7 0 0 0 0 0
110 6 0 0 6 0 0 0 0 0
114 9 0 0 3 3 1 0 0 0
119 3 0 0 0 0 0 3 0 0
127 9 0 0 3 0 0 0 0 0
140 9 0 0 0 0 0 3 0 0
311 212 1 1 0 0 0 106 0 0
314 212 0 0 0 0 0 0 0 0
331 318 0 0 106 0 0 0 0 0
338 5630 10 10 2038 92 88 904 1 0
339 526 0 0 208 0 0 0 0 0
341 212 0 0 0 0 0 0 0 0
342 408 0 0 102 0 0 0 0 0
348 636 1 1 318 3 3 0 0 0
365 4 0 0 0 0 0 0 0 0
366 177 2 2 88 0 0 86 2 0
384 9 0 0 0 0 0 3 0 0
433 30 1 1 10 0 0 0 0 0
435 30 0 0 10 0 0 0 0 0
436 50 0 0 30 0 0 10 0 0
446 20 0 0 20 5 2 0 0 0
460 14 0 0 0 0 0 4 0 0
603 8 1 1 0 0 0 4 0 0
633 2516 0 0 1258 1 1 0 0 0
634 1258 0 0 1258 133 132 0 0 0
654 46 0 0 46 0 0 0 0 0
655 46 0 0 23 2 2 0 0 0
657 46 0 0 0 0 0 0 0 0
659 76 0 0 38 0 0 0 0 0
660 38 0 0 38 2 2 0 0 0
665 8 1 1 0 0 0 0 0 0
712 8 1 1 0 0 0 0 0 0
714 12 1 1 12 0 0 0 0 0
715 12 0 0 4 0 0 0 0 0
716 4 0 0 0 0 0 4 0 0
717 8 0 0 0 0 0 4 0 0
fn=_dl_start
60 3 0 0 1 1 1 0 0 0
311 16 0 0 0 0 0 8 0 0
339 24 0 0 24 5 5 0 0 0
342 32 0 0 8 1 1 0 0 0
348 56 0 0 16 2 2 0 0 0
352 8 0 0 0 0 0 8 1 1
404 3 0 0 0 0 0 2 0 0
633 22 0 0 11 2 2 0 0 0
634 11 0 0 11 1 1 0 0 0
fn=_dl_sysdep_start
267 5 0 0 2 1 1 0 0 0
fl=/build/eglibc-uTxVna/eglibc-2.15/elf/../sysdeps/i386/dl-procinfo.h
fn=_dl_load_cache_lookup
101 6 0 0 0 0 0 2 0 0
102 12 0 0 0 0 0 0 0 0
104 20 1 1 0 0 0 12 0 0
105 1 0 0 0 0 0 0 0 0
fl=/build/eglibc-uTxVna/eglibc-2.15/elf/../sysdeps/i386/dl-trampoline.S
fn=_dl_runtime_resolve
29 9 1 1 0 0 0 9 0 0
31 9 0 0 0 0 0 9 0 0
33 9 0 0 0 0 0 9 0 0
35 9 0 0 9 0 0 0 0 0
36 9 0 0 9 0 0 0 0 0
37 9 0 0 0 0 0 9 0 0
38 9 0 0 9 0 0 0 0 0
40 9 0 0 9 0 0 0 0 0
41 9 0 0 0 0 0 9 0 0
42 9 0 0 9 0 0 0 0 0
43 9 0 0 9 0 0 0 0 0
fl=/build/eglibc-uTxVna/eglibc-2.15/elf/../sysdeps/unix/sysv/linux/dl-osinfo.h
fn=security_init
74 2 0 0 0 0 0 0 0 0
97 1 0 0 1 0 0 0 0 0
99 2 0 0 0 0 0 1 0 0
114 2 0 0 0 0 0 0 0 0
125 1 0 0 1 0 0 0 0 0
fl=/build/eglibc-uTxVna/eglibc-2.15/elf/../sysdeps/unix/sysv/linux/dl-sysdep.c
fn=_dl_discover_osversion
67 7 2 2 0 0 0 5 0 0
69 4 0 0 1 0 0 1 1 1
109 5 1 1 0 0 0 2 1 1
124 1 0 0 0 0 0 0 0 0
128 1 0 0 0 0 0 0 0 0
129 1 1 1 0 0 0 0 0 0
131 15 0 0 3 1 1 0 0 0
133 12 0 0 0 0 0 0 0 0
135 12 0 0 3 0 0 0 0 0
141 3 0 0 0 0 0 0 0 0
142 3 1 1 0 0 0 0 0 0
143 3 0 0 0 0 0 0 0 0
145 13 0 0 0 0 0 0 0 0
150 2 0 0 0 0 0 0 0 0
153 1 0 0 0 0 0 0 0 0
154 7 0 0 5 0 0 0 0 0
fn=_dl_sysdep_start
36 2 1 1 0 0 0 2 0 0
fl=/build/eglibc-uTxVna/eglibc-2.15/elf/../sysdeps/unix/sysv/linux/i386/brk.c
fn=brk
36 6 2 2 1 0 0 3 0 0
41 6 0 0 0 0 0 0 0 0
43 1 0 0 0 0 0 1 0 0
45 2 0 0 0 0 0 0 0 0
51 1 0 0 0 0 0 0 0 0
52 4 0 0 3 0 0 0 0 0
fl=/build/eglibc-uTxVna/eglibc-2.15/elf/dl-addr.c
fn=_dl_addr
31 3 1 1 2 0 0 1 0 0
32 1 0 0 0 0 0 1 0 0
35 2 0 0 1 0 0 0 0 0
40 3 1 1 2 0 0 1 0 0
41 3 0 0 2 0 0 1 0 0
43 3 0 0 2 0 0 1 0 0
46 3 0 0 1 0 0 0 0 0
51 4056 2 2 3036 0 0 6 0 0
53 3033 0 0 3033 55 20 0 0 0
54 2022 0 0 0 0 0 0 0 0
56 2727 0 0 1818 0 0 0 0 0
62 7953 1 1 2348 570 497 0 0 0
64 9392 0 0 2348 0 0 0 0 0
65 19277 1 1 10718 0 0 0 0 0
72 11740 0 0 2348 133 84 0 0 0
100 3 0 0 1 0 0 0 0 0
101 2 0 0 1 0 0 1 1 0
102 3 0 0 1 1 0 0 0 0
105 3 1 1 1 0 0 0 0 0
117 2 1 1 1 0 0 1 0 0
118 2 0 0 0 0 0 1 0 0
125 7424 0 0 910 0 0 2348 0 0
127 10 1 1 0 0 0 7 0 0
129 1 0 0 0 0 0 0 0 0
132 4 0 0 2 0 0 2 0 0
135 6 1 1 2 0 0 2 0 0
136 11 1 1 4 0 0 0 0 0
137 13 0 0 5 0 0 0 0 0
138 2 0 0 1 0 0 0 0 0
141 1 0 0 0 0 0 0 0 0
146 4 0 0 2 2 0 2 1 0
149 7 0 0 5 0 0 0 0 0
fl=/build/eglibc-uTxVna/eglibc-2.15/elf/dl-altinit.c
fn=dlinit_alt
33 4 0 0 3 0 0 0 0 0
41 3 1 1 0 0 0 2 0 0
43 2 0 0 2 0 0 0 0 0
fl=/build/eglibc-uTxVna/eglibc-2.15/elf/dl-cache.c
fn=_dl_cache_libcmp
140 45 1 1 0 0 0 27 0 0
141 180 0 0 45 0 0 45 0 0
143 220 1 1 44 0 0 0 0 0
145 134 0 0 44 11 11 0 0 0
151 3 0 0 1 0 0 0 0 0
152 6 0 0 0 0 0 2 0 0
153 5 1 1 1 0 0 0 0 0
155 6 1 1 2 0 0 0 0 0
157 2 0 0 1 0 0 0 0 0
163 86 1 1 0 0 0 0 0 0
165 129 0 0 43 0 0 0 0 0
166 32 0 0 0 0 0 0 0 0
169 35 0 0 0 0 0 0 0 0
170 35 0 0 0 0 0 0 0 0
173 2 0 0 1 0 0 0 0 0
174 53 1 1 44 0 0 0 0 0
fn=_dl_load_cache_lookup
183 8 1 1 0 0 0 6 0 0
191 2 0 0 1 0 0 0 0 0
194 4 0 0 1 0 0 1 0 0
197 5 2 2 0 0 0 2 0 0
205 6 0 0 1 0 0 1 0 0
206 8 1 1 1 0 0 4 0 0
210 2 0 0 1 0 0 1 0 0
213 3 0 0 1 0 0 0 0 0
216 3 0 0 1 0 0 1 0 0
217 3 0 0 1 0 0 0 0 0
218 7 1 1 0 0 0 4 0 0
236 3 0 0 1 0 0 0 0 0
245 4 1 1 1 0 0 1 0 0
254 5 0 0 3 0 0 1 0 0
256 1 0 0 1 0 0 0 0 0
258 10 0 0 0 0 0 2 0 0
260 5 1 1 0 0 0 4 0 0
264 10 1 1 5 0 0 2 0 0
265 1 0 0 0 0 0 0 0 0
279 216 9 9 63 8 8 15 0 0
295 4 0 0 1 0 0 0 0 0
300 7 1 1 5 0 0 0 0 0
fn=_dl_unload_cache
309 4 1 1 0 0 0 2 0 0
310 4 0 0 1 0 0 0 0 0
312 4 1 1 1 0 0 3 0 0
313 1 0 0 0 0 0 1 0 0
315 3 0 0 2 0 0 0 0 0
fl=/build/eglibc-uTxVna/eglibc-2.15/elf/dl-debug.c
fn=_dl_debug_initialize
49 32 2 2 0 0 0 16 1 1
52 8 0 0 0 0 0 0 0 0
53 4 0 0 4 0 0 0 0 0
57 25 0 0 3 0 0 0 0 0
60 1 0 0 0 0 0 1 0 0
61 4 0 0 0 0 0 1 0 0
62 3 0 0 1 0 0 1 0 0
63 2 0 0 0 0 0 1 0 0
67 20 2 2 16 0 0 0 0 0
fn=_dl_debug_state
77 2 0 0 2 0 0 0 0 0
fl=/build/eglibc-uTxVna/eglibc-2.15/elf/dl-deps.c
fn=_dl_map_object_deps
146 14 2 2 7 0 0 1 0 0
149 10 1 1 0 0 0 7 0 0
150 7 0 0 0 0 0 1 0 0
164 2 0 0 0 0 0 2 0 0
165 3 0 0 1 0 0 2 0 0
166 3 1 1 0 0 0 2 0 0
168 1 0 0 0 0 0 1 0 0
172 9 0 0 3 0 0 2 0 0
182 16 1 1 3 0 0 2 0 0
183 1 0 0 1 0 0 0 0 0
186 3 1 1 0 0 0 2 0 0
205 2 0 0 1 0 0 1 0 0
206 1 0 0 0 0 0 1 0 0
207 1 0 0 0 0 0 1 0 0
208 4 0 0 0 0 0 4 0 0
212 8 1 1 8 0 0 0 0 0
213 6 1 1 0 0 0 5 0 0
214 2 0 0 0 0 0 2 0 0
217 4 0 0 0 0 0 4 0 0
221 12 0 0 4 0 0 0 0 0
222 26 1 1 10 0 0 0 0 0
224 4 0 0 0 0 0 0 0 0
226 8 1 1 4 0 0 2 0 0
228 28 0 0 2 0 0 6 0 0
233 24 0 0 8 1 1 0 0 0
235 6 0 0 4 0 0 2 0 0
240 2 1 1 0 0 0 2 0 0
241 2 0 0 0 0 0 2 0 0
242 4 0 0 2 0 0 2 0 0
243 4 0 0 2 0 0 2 0 0
246 192 0 0 50 0 0 4 0 0
247 88 1 1 0 0 0 0 0 0
253 18 0 0 6 0 0 8 0 0
255 2 0 0 0 0 0 2 0 0
258 14 0 0 2 0 0 4 0 0
259 4 1 1 0 0 0 2 0 0
260 6 0 0 2 0 0 0 0 0
275 2 0 0 2 0 0 0 0 0
277 4 0 0 2 0 0 0 0 0
282 6 1 1 0 0 0 0 0 0
285 2 0 0 0 0 0 2 0 0
286 2 0 0 0 0 0 2 0 0
287 2 0 0 0 0 0 2 0 0
288 4 0 0 2 0 0 2 0 0
290 2 0 0 2 0 0 0 0 0
292 12 0 0 2 0 0 4 0 0
296 6 0 0 2 0 0 0 0 0
297 5 0 0 2 0 0 2 0 0
299 168 1 1 0 0 0 0 0 0
349 2 0 0 0 0 0 1 0 0
477 12 1 1 4 0 0 0 0 0
479 8 0 0 4 0 0 2 0 0
481 8 1 1 0 0 0 6 0 0
482 2 0 0 0 0 0 0 0 0
483 6 0 0 2 0 0 0 0 0
486 2 0 0 0 0 0 2 0 0
487 16 0 0 2 0 0 10 0 0
488 14 0 0 4 0 0 8 0 0
491 2 0 0 0 0 0 2 0 0
492 2 0 0 2 0 0 0 0 0
496 20 1 1 8 0 0 0 0 0
498 4 0 0 4 0 0 0 0 0
499 26 1 1 4 0 0 3 0 0
503 5 0 0 1 0 0 0 0 0
504 2 0 0 1 0 0 1 0 0
507 5 0 0 2 0 0 1 0 0
517 3 0 0 0 0 0 3 0 0
518 2 1 1 1 0 0 0 0 0
520 2 0 0 0 0 0 0 0 0
525 5 0 0 3 0 0 1 0 0
526 5 1 1 2 0 0 2 0 0
528 12 0 0 4 0 0 0 0 0
530 16 0 0 8 0 0 0 0 0
534 16 0 0 8 0 0 4 1 1
538 4 1 1 4 0 0 0 0 0
541 3 0 0 1 0 0 1 0 0
592 6 0 0 3 0 0 1 0 0
594 4 0 0 2 0 0 0 0 0
630 8 1 1 2 0 0 5 0 0
632 4 0 0 1 0 0 1 0 0
636 2 0 0 0 0 0 2 0 0
637 7 1 1 1 0 0 1 0 0
638 8 0 0 2 0 0 5 0 0
642 9 0 0 9 0 0 0 0 0
643 12 0 0 6 0 0 3 0 0
649 15 0 0 9 0 0 0 0 0
651 6 0 0 6 0 0 0 0 0
652 8 0 0 0 0 0 0 0 0
654 9 0 0 3 0 0 0 0 0
655 6 0 0 0 0 0 0 0 0
677 6 0 0 0 0 0 0 0 0
680 12 0 0 6 0 0 3 0 0
683 25 1 1 11 0 0 10 0 0
690 3 0 0 2 0 0 1 0 0
692 2 0 0 1 0 0 1 0 0
693 1 0 0 1 0 0 0 0 0
701 3 0 0 1 0 0 0 0 0
704 3 1 1 1 0 0 0 0 0
707 6 0 0 5 0 0 0 0 0
fn=openaux
62 10 1 1 2 0 0 6 0 0
65 28 0 0 8 0 0 10 1 1
67 4 1 1 2 0 0 0 0 0
69 2 0 0 2 0 0 0 0 0
70 10 0 0 8 0 0 0 0 0
fl=/build/eglibc-uTxVna/eglibc-2.15/elf/dl-environ.c
fn=_dl_next_ld_env_entry
30 3 1 1 0 0 0 3 0 0
31 3 0 0 3 0 0 0 0 0
32 3 0 0 0 0 0 0 0 0
34 142 0 0 46 0 0 0 0 0
36 90 1 1 45 22 22 0 0 0
37 18 0 0 9 1 1 0 0 0
39 2 0 0 0 0 0 0 0 0
42 4 0 0 0 0 0 2 0 0
44 2 0 0 0 0 0 0 0 0
47 43 0 0 0 0 0 0 0 0
51 9 0 0 6 0 0 0 0 0
fl=/build/eglibc-uTxVna/eglibc-2.15/elf/dl-error.c
fn=_dl_catch_error
160 24 1 1 0 0 0 18 0 0
169 3 0 0 0 0 0 3 0 0
171 6 1 1 3 0 0 6 0 0
172 6 0 0 3 0 0 3 0 0
174 15 0 0 0 0 0 9 0 0
175 6 0 0 0 0 0 0 0 0
177 9 0 0 3 0 0 3 0 0
178 9 0 0 6 0 0 6 0 0
179 9 1 1 6 0 0 3 0 0
180 6 0 0 3 0 0 3 0 0
181 6 0 0 3 0 0 3 0 0
182 6 0 0 3 0 0 3 0 0
192 15 0 0 9 0 0 0 0 0
fn=_dl_receive_error
198 10 2 2 0 0 0 5 0 0
199 1 0 0 1 0 0 1 0 0
203 1 0 0 1 0 0 0 0 0
204 1 0 0 1 0 0 0 0 0
207 1 0 0 0 0 0 1 0 0
208 1 0 0 0 0 0 1 0 0
210 5 0 0 0 0 0 5 0 0
212 3 1 1 2 0 0 1 0 0
213 2 0 0 1 0 0 1 0 0
214 6 0 0 5 0 0 0 0 0
fl=/build/eglibc-uTxVna/eglibc-2.15/elf/dl-fini.c
fn=_dl_fini
132 10 1 1 1 0 0 4 0 0
133 10 2 2 0 0 0 6 0 0
145 1 0 0 0 0 0 1 0 0
146 1 0 0 0 0 0 1 0 0
152 1 0 0 0 0 0 1 0 0
155 8 0 0 4 1 1 1 0 0
158 4 1 1 3 1 1 2 0 0
161 2 0 0 2 1 1 0 0 0
164 2 0 0 0 0 0 0 0 0
166 6 0 0 3 0 0 0 0 0
177 3 0 0 1 0 0 0 0 0
179 3 1 1 1 0 0 0 0 0
182 7 0 0 0 0 0 2 0 0
193 19 0 0 5 0 0 2 0 0
195 8 0 0 4 1 1 0 0 0
197 8 1 1 0 0 0 0 0 0
199 4 0 0 0 0 0 4 0 0
200 4 0 0 0 0 0 4 4 4
201 4 0 0 0 0 0 0 0 0
205 4 0 0 4 1 1 0 0 0
207 2 0 0 1 0 0 0 0 0
212 7 1 1 3 0 0 2 0 0
221 3 0 0 2 0 0 2 0 0
225 17 0 0 5 0 0 0 0 0
227 8 0 0 8 0 0 0 0 0
229 12 0 0 4 0 0 0 0 0
232 8 0 0 0 0 0 4 0 0
235 12 1 1 4 3 3 0 0 0
236 12 1 1 4 1 1 0 0 0
239 4 1 1 2 0 0 0 0 0
241 3 0 0 0 0 0 1 0 0
246 4 0 0 0 0 0 0 0 0
258 6 1 1 2 0 0 0 0 0
259 6 0 0 4 1 1 2 0 0
264 28 0 0 8 1 1 0 0 0
280 4 0 0 4 0 0 0 0 0
285 6 0 0 2 0 0 0 0 0
291 2 1 1 1 0 0 0 0 0
298 6 1 1 5 0 0 0 0 0
fn=_dl_sort_fini
33 6 0 0 4 0 0 0 0 0
34 11 1 1 0 0 0 8 0 0
36 2 0 0 0 0 0 0 0 0
41 5 0 0 1 0 0 1 0 0
42 7 0 0 1 0 0 1 0 0
43 6 1 1 2 0 0 4 0 0
47 18 2 2 9 0 0 6 0 0
48 15 0 0 6 0 0 6 0 0
52 15 0 0 6 0 0 0 0 0
58 12 0 0 4 0 0 5 0 0
59 15 0 0 9 0 0 0 0 0
61 6 0 0 6 1 1 0 0 0
62 8 1 1 0 0 0 0 0 0
64 9 0 0 3 1 1 0 0 0
65 6 0 0 0 0 0 0 0 0
84 1 0 0 0 0 0 1 0 0
95 9 0 0 3 0 0 0 0 0
116 6 0 0 3 0 0 0 0 0
120 15 1 1 6 0 0 3 0 0
123 23 0 0 10 0 0 10 0 0
127 6 0 0 5 0 0 0 0 0
fl=/build/eglibc-uTxVna/eglibc-2.15/elf/dl-init.c
fn=_dl_init
93 10 1 1 0 0 0 7 0 0
94 1 0 0 1 0 0 0 0 0
95 1 0 0 1 0 0 0 0 0
98 3 1 1 1 0 0 0 0 0
100 7 1 1 3 0 0 4 0 0
101 3 0 0 1 0 0 1 0 0
105 2 0 0 0 0 0 0 0 0
132 1 0 0 1 0 0 0 0 0
133 12 0 0 0 0 0 0 0 0
134 36 1 1 20 0 0 12 0 0
140 6 0 0 5 0 0 0 0 0
fn=call_init
36 50 1 1 10 0 0 25 0 0
37 15 0 0 5 0 0 0 0 0
43 12 0 0 0 0 0 8 0 0
46 20 1 1 8 1 0 4 0 0
47 3 0 0 1 0 0 0 0 0
51 9 0 0 3 0 0 0 0 0
52 2 1 1 1 0 0 0 0 0
56 4 0 0 2 0 0 0 0 0
64 4 0 0 0 0 0 0 0 0
66 4 0 0 4 0 0 0 0 0
70 12 0 0 2 0 0 10 0 0
74 2 1 1 2 1 0 0 0 0
75 4 0 0 0 0 0 0 0 0
81 3 0 0 2 0 0 0 0 0
83 4 0 0 3 0 0 1 0 0
84 19 0 0 1 0 0 3 0 0
85 21 0 0 12 0 0 12 0 0
87 30 1 1 25 0 0 0 0 0
fl=/build/eglibc-uTxVna/eglibc-2.15/elf/dl-load.c
fn=_dl_init_paths
711 4 0 0 0 0 0 1 0 0
712 9 2 2 0 0 0 6 0 0
727 8 0 0 2 0 0 3 0 0
731 1 0 0 0 0 0 1 0 0
732 3 1 1 0 0 0 3 0 0
733 2 0 0 0 0 0 0 0 0
740 5 0 0 0 0 0 0 0 0
741 2 0 0 1 0 0 0 0 0
744 2 0 0 1 0 0 1 1 1
745 3 0 0 0 0 0 2 0 0
747 2 1 1 0 0 0 0 0 0
753 1 0 0 0 0 0 1 0 0
754 1 0 0 0 0 0 1 0 0
762 20 1 1 6 0 0 10 0 0
764 9 0 0 3 0 0 5 2 2
765 4 1 1 0 0 0 4 0 0
767 8 0 0 3 0 0 4 0 0
768 7 0 0 3 1 1 4 0 0
769 20 1 1 6 0 0 7 0 0
772 18 0 0 9 1 1 3 0 0
773 216 0 0 8 0 0 4 0 0
774 64 0 0 0 0 0 64 4 4
776 15 0 0 0 0 0 5 0 0
782 1 0 0 0 0 0 1 1 1
783 2 0 0 1 0 0 1 0 0
787 1 0 0 1 0 0 0 0 0
788 2 0 0 0 0 0 0 0 0
790 4 1 1 1 0 0 0 0 0
792 3 0 0 1 0 0 0 0 0
806 1 0 0 0 0 0 1 0 0
808 3 1 1 1 0 0 0 0 0
819 2 1 1 0 0 0 1 0 0
824 6 1 1 3 0 0 0 0 0
832 5 0 0 0 0 0 3 0 0
834 15 1 1 2 0 0 6 0 0
851 50 0 0 17 0 0 0 0 0
853 14 0 0 0 0 0 0 0 0
854 28 0 0 0 0 0 0 0 0
855 14 1 1 0 0 0 0 0 0
858 1 0 0 0 0 0 1 0 0
859 2 0 0 0 0 0 2 0 0
860 2 0 0 0 0 0 0 0 0
866 10 1 1 1 0 0 5 0 0
870 4 0 0 2 0 0 0 0 0
876 1 0 0 0 0 0 1 0 0
880 6 0 0 5 0 0 0 0 0
fn=_dl_map_object
2276 30 2 2 0 0 0 18 2 2
2283 9 0 0 3 0 0 0 0 0
2284 9 0 0 6 1 1 0 0 0
2287 36 0 0 12 0 0 3 0 0
2292 21 1 1 7 0 0 0 0 0
2293 14 0 0 0 0 0 0 0 0
2295 35 0 0 0 0 0 7 0 0
2299 12 0 0 6 0 0 0 0 0
2300 18 1 1 6 0 0 0 0 0
2303 2 0 0 2 0 0 0 0 0
2304 4 0 0 4 0 0 0 0 0
2305 10 0 0 0 0 0 6 0 0
2321 14 2 2 4 0 0 4 0 0
2322 2 1 1 0 0 0 0 0 0
2332 6 0 0 2 0 0 0 0 0
2356 2 0 0 0 0 0 2 0 0
2358 10 1 1 0 0 0 6 0 0
2362 4 1 1 0 0 0 3 0 0
2364 2 0 0 1 0 0 0 0 0
2371 5 1 1 1 0 0 0 0 0
2375 2 1 1 1 0 0 1 0 0
2380 8 1 1 2 0 0 1 0 0
2381 8 1 1 0 0 0 3 0 0
2383 4 0 0 0 0 0 2 0 0
2395 4 1 1 3 0 0 0 0 0
2396 8 0 0 3 0 0 0 0 0
2397 10 1 1 0 0 0 3 0 0
2406 2 0 0 1 0 0 0 0 0
2407 20 1 1 4 0 0 8 0 0
2413 4 1 1 1 0 0 0 0 0
2414 9 1 1 0 0 0 3 0 0
2421 4 0 0 1 0 0 1 0 0
2426 3 0 0 0 0 0 2 0 0
2428 2 0 0 0 0 0 0 0 0
2433 3 0 0 1 0 0 0 0 0
2441 2 1 1 1 0 0 0 0 0
2468 12 0 0 2 0 0 5 0 0
2471 2 1 1 0 0 0 0 0 0
2473 4 0 0 1 0 0 3 0 0
2474 3 0 0 1 0 0 0 0 0
2493 2 1 1 1 0 0 0 0 0
2499 1 0 0 0 0 0 1 0 0
2501 6 0 0 1 0 0 2 0 0
2502 2 0 0 0 0 0 0 0 0
2503 1 0 0 0 0 0 0 0 0
2506 11 1 1 1 0 0 5 0 0
2509 2 0 0 0 0 0 0 0 0
2521 8 1 1 2 0 0 0 0 0
2523 4 0 0 0 0 0 0 0 0
2567 4 0 0 2 0 0 2 0 0
2568 32 0 0 8 0 0 16 0 0
2570 21 0 0 15 0 0 0 0 0
fn=_dl_map_object_from_fd
913 4 1 1 0 0 0 0 0 0
916 20 1 1 0 0 0 14 2 2
927 8 0 0 2 0 0 4 1 1
928 2 0 0 0 0 0 2 0 0
931 16 1 1 2 0 0 8 0 0
942 27 0 0 9 0 0 2 0 0
943 54 2 2 23 1 1 4 0 0
960 6 1 1 2 0 0 0 0 0
985 4 0 0 2 0 0 0 0 0
995 4 0 0 2 0 0 0 0 0
1017 8 1 1 4 0 0 0 0 0
1048 4 0 0 0 0 0 0 0 0
1051 24 0 0 12 0 0 8 0 0
1052 4 1 1 0 0 0 0 0 0
1063 6 0 0 4 0 0 2 0 0
1064 8 0 0 4 0 0 4 0 0
1065 6 0 0 4 0 0 2 0 0
1067 2 0 0 0 0 0 0 0 0
1068 8 0 0 4 0 0 0 0 0
1069 4 1 1 0 0 0 2 0 0
1074 2 0 0 0 0 0 2 0 0
1093 18 0 0 2 0 0 4 0 0
1101 120 1 1 42 0 0 6 0 0
1102 125 2 2 17 0 0 0 0 0
1108 4 0 0 2 0 0 2 0 0
1109 8 0 0 2 0 0 2 0 0
1113 2 0 0 1 0 0 1 0 0
1114 1 0 0 0 0 0 0 0 0
1119 28 1 1 8 0 0 8 0 0
1125 28 1 1 12 0 0 4 0 0
1126 4 0 0 0 0 0 0 0 0
1133 20 0 0 12 0 0 0 0 0
1134 24 0 0 4 0 0 12 0 0
1135 16 1 1 8 0 0 4 0 0
1136 8 0 0 4 0 0 4 0 0
1138 8 0 0 4 0 0 4 0 0
1139 12 0 0 8 0 0 4 0 0
1143 8 0 0 4 0 0 0 0 0
1144 12 0 0 6 0 0 2 0 0
1149 28 1 1 4 0 0 4 0 0
1159 4 0 0 0 0 0 0 0 0
1162 3 0 0 1 0 0 0 0 0
1166 1 0 0 0 0 0 1 1 1
1167 2 1 1 1 0 0 1 0 0
1168 2 0 0 0 0 0 0 0 0
1171 5 0 0 1 0 0 1 0 0
1172 2 0 0 1 0 0 1 0 0
1175 1 0 0 0 0 0 1 0 0
1179 4 0 0 1 0 0 0 0 0
1185 4 1 1 1 0 0 3 1 1
1186 1 0 0 0 0 0 0 0 0
1197 6 0 0 0 0 0 2 0 0
1240 4 1 1 2 0 0 2 0 0
1241 2 0 0 0 0 0 0 0 0
1244 4 0 0 2 0 0 2 0 0
1245 4 0 0 2 0 0 2 0 0
1246 2 0 0 0 0 0 0 0 0
1249 6 1 1 2 0 0 0 0 0
1259 2 0 0 2 0 0 0 0 0
1262 16 0 0 6 0 0 4 0 0
1264 4 1 1 2 0 0 0 0 0
1278 2 1 1 2 0 0 0 0 0
1283 26 0 0 10 0 0 16 0 0
1287 4 0 0 0 0 0 0 0 0
1294 6 0 0 2 0 0 2 0 0
1295 6 0 0 4 0 0 2 0 0
1297 4 0 0 2 0 0 0 0 0
1307 2 1 1 2 0 0 0 0 0
1330 26 0 0 10 0 0 0 0 0
1332 8 0 0 4 0 0 0 0 0
1334 28 1 1 8 0 0 14 0 0
1342 16 0 0 4 0 0 4 0 0
1343 6 0 0 4 0 0 2 0 0
1345 12 0 0 4 0 0 0 0 0
1346 5 1 1 3 0 0 0 0 0
1347 9 1 1 5 0 0 2 0 0
1348 5 0 0 2 0 0 1 0 0
1350 4 1 1 1 0 0 1 0 0
1352 16 0 0 8 0 0 0 0 0
1358 4 0 0 2 0 0 2 0 0
1359 4 1 1 2 0 0 2 0 0
1360 16 0 0 8 0 0 2 0 0
1361 4 0 0 0 0 0 2 0 0
1368 4 1 1 2 0 0 0 0 0
1371 4 0 0 2 0 0 0 0 0
1382 16 0 0 4 0 0 10 0 0
1383 8 0 0 4 0 0 0 0 0
1388 4 0 0 2 0 0 0 0 0
1392 10 0 0 2 0 0 7 0 0
1395 2 1 1 0 0 0 0 0 0
1403 4 1 1 0 0 0 0 0 0
1407 6 1 1 2 0 0 0 0 0
1416 8 0 0 2 0 0 4 0 0
1422 8 1 1 2 0 0 0 0 0
1438 6 0 0 2 0 0 0 0 0
1457 4 0 0 2 0 0 2 0 0
1459 10 0 0 4 0 0 0 0 0
1514 6 0 0 2 0 0 0 0 0
1515 2 0 0 1 0 0 1 0 0
1518 10 1 1 2 0 0 4 0 0
1526 4 0 0 2 0 0 0 0 0
1529 8 0 0 4 0 0 2 0 0
1531 4 1 1 2 0 0 0 0 0
1547 4 0 0 0 0 0 2 0 0
1551 4 0 0 2 0 0 0 0 0
1552 6 1 1 2 0 0 0 0 0
1570 8 0 0 4 0 0 2 0 0
1573 8 1 1 4 0 0 4 0 0
1574 8 0 0 4 0 0 4 0 0
1578 6 0 0 2 0 0 0 0 0
1584 6 0 0 2 0 0 2 0 0
1588 6 0 0 2 0 0 0 0 0
1608 14 1 1 10 0 0 0 0 0
fn=cache_rpath
688 15 1 1 0 0 0 6 0 0
689 9 0 0 3 0 0 0 0 0
690 3 0 0 0 0 0 0 0 0
706 12 0 0 9 0 0 0 0 0
fn=expand_dynamic_string_token
421 10 2 2 1 0 0 6 1 1
431 5 0 0 0 0 0 3 0 0
435 2 0 0 0 0 0 0 0 0
446 5 0 0 4 0 0 0 0 0
fn=fillin_rpath
491 9 1 1 0 0 0 7 0 0
493 2 0 0 0 0 0 1 0 0
495 16 1 1 2 0 0 6 0 0
498 3 0 0 0 0 0 2 0 0
502 2 0 0 0 0 0 0 0 0
509 4 1 1 1 0 0 0 0 0
514 2 0 0 0 0 0 1 0 0
517 3 0 0 1 0 0 0 0 0
521 18 0 0 5 0 0 1 0 0
522 8 1 1 4 0 0 0 0 0
540 4 1 1 1 0 0 1 0 0
543 5 0 0 0 0 0 4 0 0
544 3 1 1 2 0 0 0 0 0
545 1 0 0 0 0 0 0 0 0
546 4 1 1 2 0 0 0 0 0
550 1 0 0 0 0 0 1 1 1
551 1 0 0 0 0 0 0 0 0
552 6 0 0 0 0 0 6 0 0
553 1 0 0 0 0 0 1 0 0
555 3 0 0 2 0 0 0 0 0
561 4 0 0 1 0 0 0 0 0
562 52 1 1 0 0 0 0 0 0
563 16 0 0 0 0 0 16 0 0
565 2 0 0 1 0 0 1 0 0
566 3 0 0 1 0 0 0 0 0
571 2 1 1 0 0 0 1 0 0
573 2 1 1 1 0 0 1 0 0
574 1 0 0 0 0 0 1 0 0
577 6 0 0 2 0 0 2 1 1
582 3 0 0 2 0 0 1 0 0
585 6 1 1 5 0 0 0 0 0
fn=local_strdup
160 14 2 2 0 0 0 8 0 0
161 6 0 0 0 0 0 4 0 0
162 6 0 0 0 0 0 4 0 0
164 4 0 0 0 0 0 0 0 0
165 2 0 0 0 0 0 0 0 0
167 8 0 0 0 0 0 8 0 0
168 10 0 0 8 0 0 0 0 0
fn=open_path
2127 10 1 1 0 0 0 7 0 0
2128 3 0 0 2 0 0 1 0 0
2131 1 0 0 0 0 0 1 0 0
2132 1 1 1 0 0 0 1 0 0
2134 2 0 0 0 0 0 0 0 0
2139 13 0 0 4 0 0 2 0 0
2151 3 0 0 2 0 0 0 0 0
2158 8 0 0 3 0 0 5 0 0
2159 86 1 1 33 0 0 2 0 0
2162 32 1 1 16 0 0 0 0 0
2166 256 1 1 112 0 0 128 0 0
2169 16 0 0 16 0 0 0 0 0
2172 48 1 1 32 0 0 0 0 0
2173 3 1 1 0 0 0 1 0 0
2175 192 0 0 80 0 0 96 0 0
2177 64 1 1 32 0 0 0 0 0
2179 32 0 0 0 0 0 0 0 0
2184 48 1 1 16 0 0 0 0 0
2185 96 0 0 64 0 0 0 0 0
2191 64 1 1 32 0 0 16 0 0
2193 128 0 0 16 0 0 64 0 0
2194 4 0 0 1 0 0 0 0 0
2196 30 1 1 0 0 0 15 0 0
2198 3 1 1 0 0 0 1 0 0
2203 32 0 0 16 0 0 0 0 0
2244 6 1 1 2 0 0 0 0 0
2249 2 0 0 2 0 0 0 0 0
2251 5 0 0 3 0 0 0 0 0
2254 3 0 0 1 0 0 0 0 0
2267 1 0 0 0 0 0 0 0 0
2268 7 0 0 5 0 0 0 0 0
fn=open_verify
1857 216 1 1 18 0 0 144 1 1
1893 105 1 1 35 0 0 0 0 0
1914 90 1 1 18 0 0 72 0 0
1915 36 0 0 0 0 0 0 0 0
1925 2 1 1 0 0 0 2 0 0
1926 18 0 0 4 0 0 10 1 1
1933 4 0 0 0 0 0 0 0 0
1949 22 2 2 0 0 0 8 0 0
1951 4 0 0 4 0 0 0 0 0
1953 14 0 0 2 0 0 8 0 0
2009 6 0 0 4 0 0 0 0 0
2014 4 0 0 2 0 0 0 0 0
2016 6 0 0 2 0 0 0 0 0
2022 6 0 0 4 0 0 0 0 0
2029 6 1 1 2 1 1 0 0 0
2030 8 0 0 2 0 0 0 0 0
2031 6 0 0 2 0 0 2 0 0
2046 82 0 0 18 0 0 0 0 0
2048 36 1 1 17 2 2 0 0 0
2052 10 0 0 6 0 0 0 0 0
2053 12 0 0 0 0 0 4 0 0
2062 21 1 1 3 0 0 12 0 0
2065 2 0 0 0 0 0 0 0 0
2066 6 0 0 2 0 0 0 0 0
2067 6 0 0 2 0 0 0 0 0
2069 6 0 0 0 0 0 0 0 0
2074 1 0 0 0 0 0 0 0 0
2075 1 0 0 0 0 0 0 0 0
2078 4 1 1 1 0 0 0 0 0
2081 3 0 0 1 0 0 0 0 0
2082 5 0 0 1 0 0 0 0 0
2083 2 0 0 1 0 0 0 0 0
2084 3 0 0 1 0 0 0 0 0
2085 5 0 0 1 0 0 0 0 0
2113 130 2 2 111 0 0 0 0 0
fl=/build/eglibc-uTxVna/eglibc-2.15/elf/dl-lookup.c
fn=_dl_lookup_symbol_x
476 98 0 0 0 0 0 0 0 0
477 5486 0 0 1347 93 92 0 0 0
478 6245 1 1 0 0 0 0 0 0
716 1078 1 1 0 0 0 784 4 2
718 98 0 0 0 0 0 98 0 0
719 196 0 0 0 0 0 196 0 0
722 98 0 0 98 3 2 0 0 0
726 476 0 0 189 0 0 0 0 0
730 98 0 0 0 0 0 98 1 1
731 294 1 1 98 0 0 0 0 0
733 196 0 0 196 0 0 0 0 0
737 898 0 0 494 0 0 98 0 0
739 2058 2 2 784 0 0 1078 0 0
742 196 0 0 0 0 0 0 0 0
745 16 0 0 0 0 0 0 0 0
770 196 0 0 0 0 0 0 0 0
772 32 1 1 12 0 0 0 0 0
789 8 1 1 4 0 0 4 0 0
790 8 0 0 0 0 0 0 0 0
793 376 0 0 188 0 0 0 0 0
794 564 0 0 188 0 0 94 0 0
829 376 1 1 94 0 0 0 0 0
843 282 0 0 94 4 2 0 0 0
844 2 1 1 0 0 0 1 0 0
846 376 0 0 188 0 0 0 0 0
851 188 0 0 94 0 0 94 0 0
853 686 1 1 490 0 0 0 0 0
fn=_dl_setup_hash
861 28 2 2 0 0 0 20 1 1
864 12 0 0 4 0 0 0 0 0
868 4 0 0 4 0 0 0 0 0
872 8 0 0 4 4 4 4 0 0
873 4 0 0 4 0 0 0 0 0
874 4 0 0 4 2 2 0 0 0
876 12 0 0 0 0 0 0 0 0
877 4 0 0 0 0 0 4 0 0
878 12 0 0 4 1 1 4 0 0
880 4 0 0 0 0 0 4 0 0
881 4 0 0 0 0 0 0 0 0
883 4 0 0 0 0 0 4 0 0
884 4 1 1 0 0 0 0 0 0
885 12 0 0 0 0 0 4 0 0
899 24 0 0 20 0 0 0 0 0
fn=check_match.8846
132 846 2 2 0 0 0 470 1 1
133 188 0 0 94 13 10 0 0 0
135 658 1 1 188 3 3 0 0 0
137 282 0 0 94 0 0 0 0 0
147 282 0 0 188 0 0 94 5 3
150 356 0 0 157 0 0 63 0 0
154 188 0 0 188 0 0 0 0 0
155 282 1 1 94 0 0 0 0 0
157 182 0 0 0 0 0 0 0 0
176 182 0 0 182 9 6 0 0 0
177 637 1 1 273 3 2 0 0 0
178 819 1 1 273 0 0 364 0 0
205 6 0 0 0 0 0 0 0 0
207 18 0 0 6 2 1 0 0 0
208 12 0 0 3 0 0 0 0 0
211 4 0 0 0 0 0 0 0 0
212 10 0 0 2 0 0 2 0 0
214 2 0 0 0 0 0 2 0 0
216 4 0 0 0 0 0 0 0 0
223 658 0 0 470 0 0 0 0 0
fn=do_lookup_x
77 882 1 1 392 0 0 490 2 1
82 980 1 1 196 0 0 588 6 3
83 98 0 0 98 3 2 0 0 0
88 98 0 0 0 0 0 98 0 0
89 98 0 0 98 0 0 0 0 0
95 303 1 1 0 0 0 303 0 0
96 303 0 0 0 0 0 303 0 0
98 1212 0 0 909 8 6 303 0 0
101 606 0 0 303 0 0 0 0 0
105 606 0 0 303 0 0 0 0 0
109 606 1 1 303 5 4 0 0 0
113 606 0 0 303 1 0 0 0 0
114 294 0 0 0 0 0 196 0 0
120 1212 0 0 303 3 2 303 0 0
124 909 0 0 606 10 6 303 0 0
125 909 0 0 606 3 2 303 0 0
226 303 0 0 303 0 0 0 0 0
227 606 1 1 0 0 0 0 0 0
229 303 0 0 303 43 38 0 0 0
230 294 0 0 98 0 0 98 0 0
231 606 0 0 606 0 0 0 0 0
234 1212 0 0 606 0 0 0 0 0
237 1212 0 0 303 0 0 0 0 0
238 909 0 0 0 0 0 0 0 0
240 200 1 1 200 51 50 0 0 0
241 300 1 1 200 0 0 0 0 0
242 200 0 0 0 0 0 0 0 0
244 200 0 0 100 0 0 0 0 0
247 796 0 0 398 68 68 0 0 0
249 564 1 1 188 0 0 94 0 0
250 676 0 0 194 0 0 94 0 0
251 372 0 0 0 0 0 92 0 0
254 428 0 0 107 0 0 0 0 0
258 211 0 0 0 0 0 211 0 0
263 16 1 1 0 0 0 8 0 0
282 424 1 1 213 0 0 0 0 0
284 4 0 0 0 0 0 0 0 0
287 802 1 1 94 0 0 94 0 0
291 33 0 0 11 0 0 0 0 0
304 282 0 0 188 0 0 94 0 0
305 188 1 1 94 0 0 94 0 0
306 94 0 0 0 0 0 0 0 0
462 1821 0 0 607 0 0 0 0 0
463 145 0 0 29 0 0 29 0 0
466 627 0 0 209 0 0 0 0 0
469 4 0 0 0 0 0 0 0 0
470 588 0 0 490 0 0 0 0 0
fl=/build/eglibc-uTxVna/eglibc-2.15/elf/dl-minimal.c
fn=__libc_memalign
53 168 2 2 42 0 0 84 2 2
54 84 0 0 42 0 0 0 0 0
59 3 0 0 0 0 0 1 0 0
60 3 1 1 1 0 0 0 0 0
61 1 0 0 0 0 0 0 0 0
65 63 0 0 0 0 0 21 0 0
66 21 0 0 0 0 0 0 0 0
68 135 1 1 0 0 0 0 0 0
72 12 0 0 3 0 0 0 0 0
73 6 0 0 0 0 0 0 0 0
79 21 0 0 0 0 0 21 0 0
81 6 0 0 0 0 0 0 0 0
83 9 0 0 6 0 0 0 0 0
85 9 0 0 0 0 0 3 0 0
88 21 1 1 0 0 0 21 0 0
89 21 0 0 0 0 0 21 0 0
91 126 0 0 84 0 0 0 0 0
fn=calloc
104 64 2 2 16 0 0 32 0 0
108 16 0 0 0 0 0 0 0 0
111 32 0 0 0 0 0 0 0 0
115 16 0 0 0 0 0 16 0 0
116 40 1 1 32 0 0 0 0 0
fn=malloc
95 80 0 0 0 0 0 40 0 0
96 80 0 0 20 0 0 60 4 4
97 60 0 0 40 0 0 0 0 0
fn=strsep
320 32 1 1 4 0 0 20 0 0
323 16 0 0 4 0 0 0 0 0
325 12 0 0 8 0 0 4 0 0
326 8 0 0 0 0 0 0 0 0
330 368 1 1 61 0 0 0 0 0
335 236 0 0 0 0 0 0 0 0
337 472 0 0 118 0 0 0 0 0
345 59 0 0 0 0 0 0 0 0
348 4 0 0 2 0 0 2 0 0
352 28 1 1 24 0 0 0 0 0
fl=/build/eglibc-uTxVna/eglibc-2.15/elf/dl-misc.c
fn=_dl_name_match_p
305 344 2 2 0 0 0 172 3 2
306 258 0 0 43 0 0 129 1 0
307 43 0 0 0 0 0 0 0 0
309 43 0 0 43 0 0 0 0 0
311 174 0 0 0 0 0 0 0 0
312 282 1 1 47 7 4 141 0 0
313 3 0 0 0 0 0 0 0 0
315 44 0 0 44 0 0 0 0 0
317 83 0 0 0 0 0 0 0 0
318 258 0 0 172 0 0 0 0 0
fn=_dl_sysdep_read_whole_file
44 9 2 2 0 0 0 5 0 0
45 1 0 0 0 0 0 1 0 0
51 4 0 0 0 0 0 3 0 0
52 2 0 0 0 0 0 0 0 0
54 7 1 1 0 0 0 4 0 0
56 2 0 0 1 0 0 1 0 0
59 2 0 0 0 0 0 0 0 0
61 9 1 1 0 0 0 8 0 0
72 2 0 0 0 0 0 2 0 0
75 7 0 0 6 0 0 0 0 0
fl=/build/eglibc-uTxVna/eglibc-2.15/elf/dl-object.c
fn=_dl_add_to_namespace_list
34 27 1 1 0 0 0 15 0 0
36 9 0 0 3 0 0 6 0 0
38 16 1 1 3 0 0 0 0 0
41 18 0 0 5 0 0 0 0 0
43 2 0 0 0 0 0 2 0 0
45 2 0 0 0 0 0 2 0 0
48 2 0 0 0 0 0 1 0 0
49 6 0 0 3 0 0 0 0 0
50 12 0 0 6 0 0 6 0 0
51 12 0 0 0 0 0 6 0 0
53 6 0 0 3 0 0 6 0 0
54 18 0 0 15 0 0 0 0 0
fn=_dl_new_object
63 33 2 2 3 0 0 24 0 0
64 12 0 0 0 0 0 6 1 1
70 39 2 2 6 0 0 0 0 0
77 21 1 1 0 0 0 15 0 0
80 12 0 0 6 0 0 0 0 0
83 3 0 0 0 0 0 3 2 2
84 6 0 0 0 0 0 3 3 3
88 6 0 0 0 0 0 3 0 0
89 27 1 1 6 0 0 18 0 0
91 3 0 0 0 0 0 3 2 2
93 6 0 0 3 0 0 3 0 0
94 18 1 1 6 3 3 3 0 0
97 6 0 0 3 0 0 0 0 0
98 6 0 0 0 0 0 3 3 3
99 3 0 0 0 0 0 3 0 0
103 6 0 0 3 0 0 3 0 0
106 56 0 0 0 0 0 0 0 0
108 16 0 0 0 0 0 16 2 2
118 6 1 1 0 0 0 3 2 2
119 3 0 0 0 0 0 3 0 0
122 3 0 0 0 0 0 0 0 0
124 12 0 0 6 0 0 0 0 0
126 6 0 0 0 0 0 2 0 0
129 8 1 1 0 0 0 0 0 0
133 6 0 0 2 0 0 0 0 0
137 18 0 0 2 0 0 0 0 0
145 1 1 1 0 0 0 1 0 0
148 6 0 0 0 0 0 3 0 0
151 12 0 0 6 0 0 0 0 0
153 10 1 1 0 0 0 8 0 0
157 6 0 0 2 0 0 0 0 0
161 6 0 0 0 0 0 4 0 0
162 6 0 0 0 0 0 0 0 0
207 14 1 1 4 0 0 8 0 0
212 78 0 0 0 0 0 0 0 0
213 80 0 0 40 0 0 0 0 0
215 4 0 0 0 0 0 0 0 0
218 2 0 0 0 0 0 2 0 0
221 4 0 0 0 0 0 2 0 0
225 21 0 0 15 0 0 0 0 0
fl=/build/eglibc-uTxVna/eglibc-2.15/elf/dl-reloc.c
fn=_dl_protect_relro
335 24 1 1 0 0 0 12 0 0
336 16 0 0 8 0 0 0 0 0
337 8 0 0 4 0 0 0 0 0
338 8 0 0 4 0 0 0 0 0
341 8 0 0 0 0 0 0 0 0
342 28 1 1 0 0 0 16 0 0
348 16 0 0 12 0 0 0 0 0
fn=_dl_relocate_object
152 42 1 1 18 0 0 12 0 0
154 40 2 2 8 0 0 20 0 0
161 4 0 0 0 0 0 4 0 0
164 12 0 0 0 0 0 4 0 0
165 12 0 0 0 0 0 4 0 0
169 8 0 0 0 0 0 0 0 0
170 20 0 0 8 1 0 0 0 0
176 8 1 1 4 0 0 0 0 0
182 12 0 0 4 0 0 0 0 0
184 24 2 2 12 3 0 4 0 0
186 8 0 0 4 0 0 0 0 0
194 12 0 0 4 0 0 0 0 0
239 12 0 0 8 0 0 4 0 0
265 545 6 6 126 7 0 101 0 0
268 12 0 0 4 0 0 0 0 0
308 4 0 0 4 0 0 0 0 0
311 12 0 0 4 0 0 0 0 0
328 12 0 0 4 1 0 0 0 0
329 12 0 0 0 0 0 4 0 0
330 24 0 0 20 0 0 0 0 0
fl=/build/eglibc-uTxVna/eglibc-2.15/elf/dl-runtime.c
fn=_dl_fixup
74 72 1 1 0 0 0 45 0 0
76 9 0 0 9 0 0 0 0 0
77 27 0 0 18 6 4 9 0 0
80 18 0 0 18 8 6 0 0 0
81 63 0 0 18 5 3 9 0 0
82 36 1 1 18 3 2 18 0 0
87 18 0 0 0 0 0 0 0 0
91 27 0 0 9 6 4 0 0 0
93 9 0 0 0 0 0 0 0 0
95 27 0 0 9 5 4 0 0 0
99 16 0 0 16 5 4 0 0 0
100 24 0 0 8 3 2 0 0 0
102 24 1 1 8 4 2 0 0 0
108 9 0 0 0 0 0 0 0 0
109 27 0 0 9 0 0 0 0 0
119 117 1 1 27 4 3 54 0 0
123 27 0 0 9 0 0 0 0 0
133 63 0 0 18 0 0 0 0 0
141 9 0 0 9 0 0 0 0 0
149 36 0 0 9 0 0 0 0 0
153 27 1 1 9 3 2 0 0 0
157 54 0 0 45 0 0 0 0 0
fl=/build/eglibc-uTxVna/eglibc-2.15/elf/dl-tls.c
fn=_dl_add_to_slotinfo
817 8 2 2 1 0 0 5 0 0
823 1 0 0 1 0 0 0 0 0
826 2 0 0 1 1 0 0 0 0
831 3 0 0 1 0 0 0 0 0
872 1 0 0 0 0 0 1 0 0
873 3 1 1 1 1 0 1 0 0
874 6 1 1 5 0 0 0 0 0
fn=_dl_allocate_tls_init
376 2 0 0 0 0 0 0 0 0
377 8 1 1 0 0 0 6 0 0
378 2 0 0 0 0 0 0 0 0
382 2 0 0 1 1 0 1 0 0
384 1 1 1 0 0 0 1 0 0
385 1 0 0 0 0 0 0 0 0
390 4 0 0 2 0 0 1 0 0
395 12 0 0 5 0 0 0 0 0
401 9 0 0 3 0 0 0 0 0
404 1 1 1 1 0 0 0 0 0
405 2 0 0 0 0 0 0 0 0
411 3 0 0 1 0 0 0 0 0
413 2 1 1 0 0 0 0 0 0
414 1 0 0 1 0 0 0 0 0
423 2 1 1 1 0 0 0 0 0
424 6 0 0 3 0 0 2 0 0
426 2 0 0 1 0 0 0 0 0
427 3 0 0 1 0 0 1 0 0
435 4 1 1 2 0 0 1 0 0
436 1 0 0 0 0 0 1 1 0
437 12 0 0 4 0 0 8 0 0
451 2 1 1 1 0 0 1 0 0
454 7 1 1 6 0 0 0 0 0
fn=_dl_allocate_tls_storage
329 7 1 1 0 0 0 5 0 0
331 1 1 1 1 0 0 0 0 0
342 5 0 0 1 0 0 3 0 0
343 2 0 0 0 0 0 0 0 0
350 1 0 0 0 0 0 0 0 0
354 318 1 1 0 0 0 304 19 19
365 2 0 0 0 0 0 1 0 0
366 2 0 0 0 0 0 0 0 0
371 6 0 0 5 0 0 0 0 0
fn=_dl_determine_tlsoffset
113 7 1 1 0 0 0 5 0 0
119 4 0 0 1 0 0 1 0 0
122 4 0 0 2 0 0 0 0 0
158 9 1 1 5 0 0 0 0 0
160 10 1 1 1 0 0 6 0 0
162 3 0 0 1 0 0 0 0 0
163 2 1 1 1 0 0 0 0 0
165 4 0 0 2 0 0 1 0 0
167 7 1 1 3 0 0 2 0 0
179 2 0 0 0 0 0 0 0 0
183 8 0 0 1 0 0 1 0 0
185 4 0 0 2 0 0 0 0 0
186 1 0 0 1 0 0 0 0 0
195 1 1 1 0 0 0 1 0 0
198 8 0 0 4 0 0 1 0 0
199 1 0 0 0 0 0 1 0 0
250 2 1 1 1 0 0 1 0 0
251 6 0 0 5 0 0 0 0 0
fn=_dl_next_tls_modid
51 7 2 2 0 0 0 5 1 1
54 3 0 0 2 0 0 0 0 0
102 2 0 0 0 0 0 1 0 0
106 6 0 0 5 0 0 0 0 0
fn=allocate_dtv
289 7 1 1 0 0 0 4 0 0
296 3 0 0 1 0 0 1 1 1
297 4 0 0 0 0 0 3 0 0
298 2 0 0 0 0 0 0 0 0
307 2 0 0 0 0 0 1 0 0
313 6 0 0 4 0 0 0 0 0
fl=/build/eglibc-uTxVna/eglibc-2.15/elf/dl-version.c
fn=_dl_check_all_versions
387 9 1 1 0 0 0 6 0 0
389 1 0 0 0 0 0 0 0 0
391 16 0 0 4 0 0 0 0 0
392 28 0 0 4 0 0 0 0 0
393 16 1 1 4 0 0 4 0 0
396 7 0 0 5 0 0 0 0 0
fn=_dl_check_map_versions
62 26 0 0 10 0 0 0 0 0
63 5 0 0 5 0 0 0 0 0
64 35 1 1 0 0 0 7 0 0
180 44 1 1 0 0 0 32 0 0
181 2 0 0 0 0 0 2 0 0
189 2 0 0 0 0 0 2 0 0
195 16 0 0 4 0 0 0 0 0
197 8 0 0 4 0 0 4 0 0
199 8 1 1 4 0 0 4 0 0
200 8 0 0 4 0 0 4 0 0
202 12 0 0 4 0 0 0 0 0
205 10 0 0 6 0 0 2 0 0
209 14 1 1 2 2 2 6 0 0
226 8 0 0 6 0 0 2 0 0
230 4 0 0 0 0 0 0 0 0
234 6 0 0 2 0 0 0 0 0
239 8 0 0 4 0 0 2 0 0
243 122 2 2 74 1 1 36 0 0
251 8 0 0 4 0 0 0 0 0
254 12 0 0 4 0 0 0 0 0
259 2 0 0 0 0 0 0 0 0
263 8 0 0 4 0 0 0 0 0
277 12 1 1 4 0 0 0 0 0
280 14 0 0 12 0 0 2 0 0
283 72 0 0 36 10 10 0 0 0
286 114 0 0 38 5 5 2 0 0
290 102 0 0 0 0 0 0 0 0
294 12 1 1 4 0 0 0 0 0
299 6 0 0 3 0 0 3 0 0
300 21 1 1 3 0 0 15 0 0
301 6 0 0 0 0 0 0 0 0
309 3 0 0 0 0 0 3 0 0
312 9 1 1 6 0 0 3 0 0
314 9 0 0 3 0 0 0 0 0
317 8 0 0 8 0 0 0 0 0
321 8 0 0 2 0 0 2 0 0
324 4 0 0 4 0 0 0 0 0
326 16 0 0 4 0 0 0 0 0
328 16 0 0 8 0 0 4 0 0
329 8 1 1 0 0 0 4 3 3
330 12 0 0 4 0 0 4 0 0
331 16 0 0 8 0 0 4 0 0
334 14 0 0 6 0 0 0 0 0
339 2 0 0 0 0 0 0 0 0
342 6 0 0 2 0 0 0 0 0
352 9 1 1 3 0 0 0 0 0
355 12 0 0 10 0 0 0 0 0
359 36 0 0 36 0 0 0 0 0
361 72 0 0 36 0 0 0 0 0
365 34 0 0 34 0 0 0 0 0
366 170 0 0 68 0 0 34 9 9
367 102 0 0 34 0 0 34 0 0
368 34 0 0 0 0 0 34 0 0
371 108 1 1 36 0 0 0 0 0
375 34 0 0 0 0 0 0 0 0
381 28 0 0 24 0 0 0 0 0
fn=match_symbol
82 40 1 1 0 0 0 24 0 0
83 12 0 0 12 0 0 0 0 0
91 8 0 0 4 0 0 0 0 0
97 16 1 1 8 0 0 0 0 0
112 4 0 0 4 0 0 0 0 0
113 8 0 0 0 0 0 0 0 0
115 8 0 0 8 0 0 0 0 0
120 30 1 1 15 4 4 0 0 0
134 30 0 0 15 0 0 0 0 0
139 44 1 1 16 0 0 16 0 0
142 4 0 0 0 0 0 0 0 0
146 33 0 0 11 0 0 0 0 0
150 11 0 0 0 0 0 0 0 0
174 28 1 1 20 0 0 0 0 0
fl=/build/eglibc-uTxVna/eglibc-2.15/elf/do-rel.h
fn=_dl_relocate_object
55 16 0 0 0 0 0 0 0 0
56 32 0 0 0 0 0 16 0 0
67 32 0 0 16 0 0 0 0 0
70 99 1 1 39 0 0 8 0 0
92 16 0 0 8 0 0 8 0 0
93 28 0 0 23 0 0 5 0 0
95 37 1 1 16 0 0 0 0 0
107 39 0 0 18 0 0 4 0 0
114 9 1 1 3 0 0 0 0 0
117 24 0 0 8 1 1 0 0 0
120 3790 2 2 0 0 0 0 0 0
121 2516 0 0 1260 157 157 0 0 0
127 44 0 0 18 2 0 0 0 0
130 20 0 0 10 1 0 10 0 0
133 332 1 1 113 0 0 0 0 0
145 618 1 1 309 57 54 103 0 0
146 584 1 1 189 0 0 206 0 0
147 395 0 0 206 0 0 103 0 0
148 309 1 1 206 0 0 103 0 0
169 33 3 3 22 0 0 0 0 0
179 18 0 0 6 0 0 3 0 0
180 9 0 0 6 0 0 3 0 0
fn=_dl_start
92 2 0 0 1 0 0 1 0 0
93 1 0 0 1 0 0 0 0 0
95 2 0 0 1 0 0 0 0 0
120 35 1 1 0 0 0 0 0 0
121 22 0 0 11 0 0 0 0 0
125 3 0 0 1 0 0 0 0 0
133 30 1 1 9 0 0 1 0 0
146 40 0 0 16 1 1 0 0 0
148 16 1 1 16 0 0 0 0 0
fl=/build/eglibc-uTxVna/eglibc-2.15/elf/dynamic-link.h
fn=_dl_map_object_from_fd
115 4 0 0 0 0 0 0 0 0
119 4 0 0 0 0 0 2 0 0
121 129 1 1 43 8 8 0 0 0
123 82 0 0 0 0 0 0 0 0
124 31 0 0 0 0 0 31 4 4
128 40 0 0 0 0 0 0 0 0
129 24 0 0 0 0 0 8 2 2
130 8 1 1 0 0 0 0 0 0
133 8 0 0 0 0 0 0 0 0
136 8 0 0 0 0 0 0 0 0
137 2 0 0 0 0 0 0 0 0
138 8 0 0 2 0 0 2 0 0
139 41 0 0 0 0 0 0 0 0
146 6 0 0 2 0 0 0 0 0
166 8 0 0 4 0 0 0 0 0
167 10 0 0 6 0 0 0 0 0
168 10 0 0 6 0 0 0 0 0
169 10 1 1 6 0 0 0 0 0
171 6 0 0 2 0 0 0 0 0
174 10 0 0 6 0 0 0 0 0
176 10 0 0 6 0 0 0 0 0
177 8 1 1 4 0 0 0 0 0
178 10 0 0 6 0 0 0 0 0
184 6 0 0 2 0 0 0 0 0
191 10 1 1 2 0 0 0 0 0
196 6 0 0 2 0 0 0 0 0
200 6 1 1 2 0 0 0 0 0
201 6 0 0 4 0 0 0 0 0
213 6 0 0 2 0 0 0 0 0
218 2 0 0 1 0 0 1 0 0
220 2 0 0 0 0 0 0 0 0
222 2 0 0 0 0 0 0 0 0
224 2 0 0 0 0 0 0 0 0
227 6 1 1 2 0 0 0 0 0
229 2 0 0 1 0 0 1 0 0
231 2 0 0 0 0 0 0 0 0
234 6 0 0 2 0 0 0 0 0
fn=_dl_start
121 61 1 1 20 3 3 0 0 0
123 36 0 0 0 0 0 0 0 0
128 20 0 0 0 0 0 0 0 0
129 12 0 0 0 0 0 4 2 2
130 4 1 1 0 0 0 0 0 0
133 4 0 0 0 0 0 0 0 0
136 4 1 1 0 0 0 0 0 0
137 1 0 0 0 0 0 0 0 0
138 16 1 1 0 0 0 14 2 2
139 18 0 0 0 0 0 0 0 0
146 2 0 0 0 0 0 0 0 0
166 4 0 0 2 0 0 0 0 0
167 4 0 0 2 0 0 0 0 0
168 4 1 1 2 0 0 0 0 0
169 4 0 0 2 0 0 0 0 0
174 4 0 0 2 0 0 0 0 0
176 4 0 0 2 0 0 0 0 0
177 4 0 0 2 0 0 0 0 0
178 4 1 1 2 0 0 0 0 0
184 3 0 0 1 0 0 0 0 0
187 2 0 0 1 0 0 0 0 0
200 3 0 0 1 0 0 0 0 0
201 3 0 0 2 0 0 0 0 0
205 3 0 0 1 0 0 0 0 0
207 3 1 1 1 0 0 0 0 0
210 3 0 0 1 0 0 0 0 0
211 3 0 0 1 0 0 0 0 0
fn=dl_main
106 2 0 0 2 0 0 0 0 0
115 2 0 0 0 0 0 0 0 0
119 2 0 0 0 0 0 0 0 0
121 83 1 1 39 4 4 1 0 0
123 38 0 0 0 0 0 0 0 0
124 30 0 0 15 0 0 15 2 2
128 16 0 0 0 0 0 0 0 0
129 15 0 0 3 0 0 3 1 1
130 4 1 1 0 0 0 0 0 0
133 4 1 1 0 0 0 0 0 0
136 4 1 1 0 0 0 0 0 0
137 1 0 0 0 0 0 0 0 0
138 3 0 0 0 0 0 1 0 0
139 19 0 0 0 0 0 0 0 0
146 4 0 0 2 0 0 0 0 0
184 4 1 1 2 0 0 0 0 0
191 5 1 1 1 0 0 0 0 0
196 4 0 0 2 0 0 0 0 0
200 4 1 1 2 0 0 0 0 0
201 3 0 0 2 0 0 0 0 0
213 4 0 0 2 0 0 0 0 0
227 4 1 1 2 0 0 0 0 0
234 4 1 1 2 0 0 0 0 0
fl=/build/eglibc-uTxVna/eglibc-2.15/elf/rtld.c
fn=_dl_initial_error_catch_tsd
800 8 1 1 0 0 0 4 0 0
803 8 0 0 4 0 0 0 0 0
fn=_dl_start
290 87 2 2 21 0 0 22 0 0
302 2 0 0 0 0 0 1 0 0
303 2 0 0 0 0 0 1 0 0
304 2 0 0 0 0 0 1 0 0
305 2 0 0 0 0 0 1 0 0
306 2 1 1 0 0 0 1 0 0
327 3 0 0 0 0 0 2 0 0
331 1 0 0 0 0 0 1 0 0
337 6 1 0 1 0 0 3 0 0
346 1 0 0 0 0 0 0 0 0
349 4 0 0 2 0 0 2 1 0
353 2 1 0 1 0 0 0 0 0
366 38 0 0 0 0 0 0 0 0
367 9 2 2 0 0 0 6 2 2
385 3 0 0 0 0 0 2 1 1
411 1 0 0 0 0 0 1 1 1
414 1 0 0 0 0 0 1 1 1
542 3 1 1 1 0 0 0 0 0
547 30 3 3 13 0 0 5 0 0
549 1 0 0 1 1 1 0 0 0
574 7 0 0 5 1 0 0 0 0
fn=dl_main
724 2 1 1 1 0 0 1 0 0
728 6 0 0 1 0 0 2 0 0
888 40 0 0 0 0 0 0 0 0
892 8 1 1 0 0 0 5 0 0
898 1 0 0 0 0 0 1 1 1
900 2 0 0 0 0 0 1 0 0
901 1 0 0 0 0 0 1 0 0
907 1 0 0 0 0 0 1 0 0
911 2 0 0 0 0 0 1 0 0
914 2 0 0 0 0 0 1 1 1
918 2 1 1 0 0 0 1 1 1
919 2 0 0 0 0 0 1 0 0
924 2 0 0 0 0 0 1 0 0
927 2 0 0 0 0 0 1 1 1
934 4 0 0 2 0 0 0 0 0
1122 9 1 1 0 0 0 5 2 2
1124 2 0 0 0 0 0 0 0 0
1125 3 0 0 2 0 0 1 0 0
1126 2 1 1 1 0 0 1 0 0
1127 4 0 0 3 0 0 1 0 0
1131 3 0 0 0 0 0 1 0 0
1132 2 0 0 1 0 0 0 0 0
1153 2 0 0 1 0 0 1 0 0
1154 1 0 0 0 0 0 1 0 0
1156 1 0 0 0 0 0 1 0 0
1158 1 1 1 1 0 0 0 0 0
1161 35 1 1 6 0 0 0 0 0
1162 71 1 1 9 4 4 0 0 0
1166 3 1 1 2 0 0 1 0 0
1167 1 0 0 0 0 0 0 0 0
1171 3 0 0 2 0 0 1 0 0
1172 1 0 0 0 0 0 0 0 0
1180 1 0 0 0 0 0 1 0 0
1181 2 0 0 2 0 0 0 0 0
1183 4 1 1 1 0 0 2 0 0
1190 3 0 0 1 0 0 0 0 0
1204 4 1 1 1 0 0 1 0 0
1208 2 1 1 0 0 0 1 0 0
1216 2 0 0 2 0 0 0 0 0
1217 10 0 0 6 0 0 1 0 0
1218 4 0 0 2 0 0 0 0 0
1219 1 0 0 0 0 0 1 0 0
1222 4 0 0 4 1 1 0 0 0
1223 4 0 0 2 0 0 0 0 0
1224 2 0 0 0 0 0 2 0 0
1225 6 0 0 3 0 0 0 0 0
1226 2 0 0 0 0 0 1 0 0
1253 2 1 1 1 0 0 1 0 0
1254 1 0 0 0 0 0 0 0 0
1257 2 0 0 1 0 0 1 0 0
1258 2 0 0 1 1 1 1 0 0
1259 1 0 0 0 0 0 0 0 0
1264 4 0 0 2 0 0 0 0 0
1267 2 0 0 0 0 0 0 0 0
1269 2 1 1 0 0 0 0 0 0
1271 3 0 0 1 0 0 0 0 0
1284 3 0 0 1 0 0 0 0 0
1285 10 1 1 5 0 0 3 0 0
1290 1 0 0 0 0 0 1 0 0
1292 1 1 1 0 0 0 1 0 0
1293 1 0 0 0 0 0 1 0 0
1295 3 0 0 1 0 0 0 0 0
1296 2 0 0 0 0 0 1 0 0
1300 2 1 1 1 0 0 0 0 0
1302 2 0 0 1 0 0 0 0 0
1307 2 0 0 1 0 0 1 0 0
1310 2 0 0 1 0 0 0 0 0
1326 3 1 1 0 0 0 1 0 0
1330 3 0 0 1 0 0 0 0 0
1424 9 1 1 1 0 0 2 0 0
1429 2 1 1 1 0 0 1 0 0
1432 4 0 0 1 0 0 2 0 0
1434 1 0 0 0 0 0 1 0 0
1439 3 0 0 1 0 0 0 0 0
1442 4 1 1 2 0 0 1 0 0
1443 4 0 0 1 0 0 1 0 0
1444 4 1 1 1 0 0 2 0 0
1445 1 0 0 0 0 0 1 0 0
1446 1 0 0 1 0 0 0 0 0
1447 2 0 0 2 0 0 0 0 0
1452 2 0 0 1 0 0 0 0 0
1453 4 0 0 1 0 0 1 0 0
1457 1 0 0 1 0 0 0 0 0
1459 2 1 1 1 1 1 0 0 0
1460 1 0 0 0 0 0 1 0 0
1461 2 0 0 1 0 0 1 0 0
1465 1 0 0 0 0 0 0 0 0
1466 3 0 0 0 0 0 0 0 0
1467 4 0 0 1 1 1 0 0 0
1469 2 0 0 1 0 0 1 1 1
1470 2 1 1 1 1 1 1 0 0
1475 3 0 0 1 1 1 0 0 0
1480 3 0 0 1 0 0 0 0 0
1661 4 0 0 2 0 0 0 0 0
1664 2 0 0 1 0 0 1 0 0
1668 3 1 1 1 0 0 0 0 0
1673 2 0 0 1 0 0 1 0 0
1674 1 0 0 0 0 0 1 0 0
1678 3 0 0 1 0 0 0 0 0
1693 4 0 0 2 0 0 0 0 0
1695 2 1 1 0 0 0 2 0 0
1697 3 1 1 1 0 0 0 0 0
1704 13 2 2 0 0 0 7 0 0
1707 4 0 0 0 0 0 2 0 0
1710 14 0 0 2 0 0 6 0 0
1711 2 0 0 1 0 0 0 0 0
1712 3 0 0 1 0 0 0 0 0
1714 10 1 1 3 0 0 3 0 0
1716 1 1 1 0 0 0 0 0 0
1717 2 0 0 2 0 0 0 0 0
1718 3 1 1 2 1 1 0 0 0
1728 7 0 0 0 0 0 4 0 0
1805 4 1 1 2 0 0 0 0 0
1809 7 1 1 1 0 0 0 0 0
1810 1 0 0 0 0 0 0 0 0
1813 2 0 0 0 0 0 1 0 0
1814 1 0 0 1 0 0 0 0 0
1815 2 0 0 0 0 0 0 0 0
1816 2 1 1 1 0 0 0 0 0
1822 3 0 0 0 0 0 2 0 0
1823 10 0 0 3 0 0 3 0 0
1824 1 0 0 0 0 0 0 0 0
1826 4 1 1 4 0 0 0 0 0
1829 14 0 0 3 0 0 0 0 0
1830 12 0 0 8 0 0 0 0 0
1833 3 1 1 2 0 0 1 0 0
1834 3 0 0 1 0 0 0 0 0
1835 1 0 0 0 0 0 1 0 0
1837 8 0 0 0 0 0 0 0 0
1838 13 2 2 7 0 0 0 0 0
1848 2 0 0 0 0 0 1 0 0
1850 2 0 0 1 0 0 1 0 0
1851 3 0 0 1 0 0 0 0 0
1853 2 0 0 0 0 0 1 0 0
1855 3 0 0 0 0 0 0 0 0
1857 3 1 1 1 0 0 0 0 0
1858 1 0 0 1 0 0 0 0 0
1871 2 0 0 0 0 0 0 0 0
1872 2 0 0 1 0 0 1 0 0
1873 3 0 0 1 0 0 0 0 0
1884 5 0 0 1 0 0 1 0 0
1885 4 0 0 0 0 0 1 0 0
1886 4 1 1 0 0 0 1 0 0
1896 2 0 0 1 0 0 1 0 0
1897 3 0 0 1 0 0 0 0 0
1900 3 0 0 1 0 0 0 0 0
1903 1 0 0 0 0 0 1 0 0
1905 3 0 0 1 0 0 0 0 0
2133 4 1 1 2 0 0 0 0 0
2135 1 0 0 1 0 0 0 0 0
2189 3 1 1 1 0 0 1 0 0
2193 5 0 0 3 0 0 2 0 0
2197 2 0 0 1 0 0 1 0 0
2200 2 1 1 0 0 0 0 0 0
2208 2 0 0 1 0 0 0 0 0
2254 5 1 1 1 0 0 1 0 0
2261 1 0 0 1 0 0 0 0 0
2263 3 0 0 0 0 0 2 0 0
2264 4 1 1 2 0 0 1 0 0
2265 15 1 1 0 0 0 0 0 0
2267 16 0 0 16 0 0 0 0 0
2272 8 0 0 8 0 0 0 0 0
2274 10 1 1 0 0 0 0 0 0
2276 1 1 1 0 0 0 1 0 0
2277 1 0 0 1 0 0 0 0 0
2279 4 0 0 4 0 0 0 0 0
2281 8 0 0 4 1 0 0 0 0
2282 33 0 0 9 2 0 15 0 0
2286 14 1 1 5 1 0 0 0 0
2287 6 0 0 4 0 0 2 0 0
2289 1 0 0 0 0 0 0 0 0
2291 4 0 0 2 0 0 2 0 0
2297 3 0 0 1 0 0 0 0 0
2306 5 1 1 2 0 0 0 0 0
2307 1 0 0 1 0 0 0 0 0
2312 2 0 0 1 0 0 1 0 0
2316 2 0 0 1 0 0 0 0 0
2330 3 1 1 2 1 0 0 0 0
2332 4 0 0 2 0 0 0 0 0
2347 3 1 1 0 0 0 2 0 0
2349 1 0 0 1 0 0 0 0 0
2350 8 0 0 3 0 0 5 0 0
2351 1 0 0 0 0 0 0 0 0
2353 4 1 1 4 0 0 0 0 0
2361 1 0 0 0 0 0 1 0 0
2365 3 0 0 1 0 0 0 0 0
2385 3 0 0 0 0 0 1 0 0
2386 1 0 0 0 0 0 1 0 0
2387 1 0 0 0 0 0 1 0 0
2391 1 0 0 0 0 0 1 0 0
2396 6 0 0 5 1 0 0 0 0
fn=do_preload
809 7 1 1 0 0 0 4 0 0
811 1 0 0 0 0 0 1 0 0
815 1 0 0 0 0 0 1 0 0
816 1 0 0 0 0 0 1 0 0
817 1 1 1 0 0 0 1 0 0
819 1 0 0 1 0 0 0 0 0
821 10 0 0 0 0 0 5 0 0
822 2 0 0 1 0 0 0 0 0
832 3 1 1 1 0 0 0 0 0
836 5 0 0 4 0 0 0 0 0
fn=init_tls.part.3
721 5 0 0 0 0 0 3 0 0
734 3 0 0 1 0 0 1 0 0
737 1 0 0 0 0 0 1 0 0
738 4 1 1 0 0 0 3 0 0
745 1 0 0 0 0 0 1 0 0
749 2 0 0 1 1 1 0 0 0
750 2 0 0 0 0 0 0 0 0
751 11 1 1 1 0 0 0 0 0
752 4 0 0 4 0 0 0 0 0
753 8 0 0 4 0 0 0 0 0
757 1 0 0 0 0 0 1 0 0
759 1 0 0 0 0 0 0 0 0
761 2 0 0 0 0 0 0 0 0
764 1 1 1 0 0 0 1 0 0
771 2 0 0 0 0 0 1 0 0
772 2 0 0 0 0 0 0 0 0
778 2 1 1 1 0 0 1 0 0
786 18 1 1 2 0 0 7 0 0
789 1 0 0 0 0 0 0 0 0
790 1 0 0 0 0 0 1 0 0
793 5 0 0 3 0 0 0 0 0
fn=map_doit
630 3 1 1 1 0 0 1 0 0
632 10 0 0 3 0 0 5 1 1
634 3 0 0 2 0 0 0 0 0
fn=process_envvars
2557 9 1 1 0 0 0 6 0 0
2558 2 0 0 1 0 0 1 0 0
2560 1 0 0 0 0 0 0 0 0
2561 1 0 0 0 0 0 0 0 0
2565 6 1 1 1 0 0 1 0 0
2567 15 0 0 0 0 0 3 1 1
2571 103 1 1 21 1 1 0 0 0
2572 19 0 0 0 0 0 0 0 0
2574 4 0 0 0 0 0 0 0 0
2580 12 0 0 2 0 0 0 0 0
2603 9 1 1 1 0 0 5 0 0
2610 9 1 1 1 0 0 5 0 0
2612 2 0 0 0 0 0 1 1 1
2613 1 0 0 0 0 0 0 0 0
2656 9 2 2 1 0 0 5 0 0
2658 2 1 1 0 0 0 1 0 0
2659 1 0 0 0 0 0 0 0 0
2720 3 0 0 0 0 0 1 0 0
2726 2 0 0 1 0 0 1 0 0
2730 3 1 1 1 0 0 0 0 0
2763 2 0 0 0 0 0 0 0 0
2785 6 0 0 5 0 0 0 0 0
fn=rtld_lock_default_lock_recursive
842 5 2 1 5 0 0 0 0 0
843 5 0 0 5 1 0 0 0 0
844 5 0 0 5 0 0 0 0 0
fn=rtld_lock_default_unlock_recursive
848 5 0 0 5 0 0 0 0 0
849 5 0 0 5 1 0 0 0 0
850 5 0 0 5 0 0 0 0 0
fn=security_init
856 5 1 1 0 0 0 3 0 0
858 1 0 0 1 0 0 0 0 0
860 1 0 0 0 0 0 1 0 0
869 1 0 0 0 0 0 1 0 0
871 1 1 1 0 0 0 1 0 0
876 1 0 0 0 0 0 1 0 0
877 4 0 0 3 0 0 0 0 0
fn=version_check_doit
662 6 1 1 1 0 0 3 0 0
664 6 0 0 2 0 0 1 0 0
668 4 0 0 3 0 0 0 0 0
fl=/build/eglibc-uTxVna/eglibc-2.15/io/../sysdeps/unix/syscall-template.S
fn=???
84 46 0 0 46 0 0 0 0 0
fn=__write_nocancel
82 10 1 1 6 0 0 2 0 0
fn=access
82 24 1 1 6 0 0 0 0 0
83 24 1 1 3 0 0 6 0 0
fn=close
82 21 1 1 3 0 0 0 0 0
83 3 0 0 3 0 0 0 0 0
fn=open
82 171 1 1 76 0 0 19 0 0
83 131 0 0 19 0 0 32 0 0
fn=read
82 18 1 1 8 0 0 2 0 0
83 2 0 0 2 0 0 0 0 0
fn=write
82 2 1 1 1 0 0 0 0 0
fl=/build/eglibc-uTxVna/eglibc-2.15/io/../sysdeps/unix/sysv/linux/fxstat64.c
fn=__fxstat64
46 9 1 1 0 0 0 6 0 0
49 24 1 1 6 0 0 0 0 0
82 6 0 0 6 0 0 0 0 0
fn=__fxstat64@@GLIBC_2.2
46 3 1 1 0 0 0 2 0 0
49 8 0 0 3 0 0 1 0 0
82 2 0 0 2 0 0 0 0 0
fl=/build/eglibc-uTxVna/eglibc-2.15/io/../sysdeps/unix/sysv/linux/xstat64.c
fn=__xstat64
47 48 1 1 0 0 0 32 0 0
50 173 0 0 32 0 0 15 0 0
84 32 0 0 32 0 0 0 0 0
fl=/build/eglibc-uTxVna/eglibc-2.15/libio/../sysdeps/unix/sysv/linux/sys/sysmacros.h
fn=_IO_file_doallocate
47 5 0 0 0 0 0 0 0 0
fl=/build/eglibc-uTxVna/eglibc-2.15/libio/filedoalloc.c
fn=_IO_file_doallocate
99 8 2 2 1 0 0 5 1 1
113 2 0 0 0 0 0 0 0 0
114 12 1 1 4 1 1 3 1 1
116 4 0 0 1 0 0 0 0 0
119 2 0 0 0 0 0 0 0 0
121 3 1 1 2 0 0 0 0 0
124 2 0 0 1 0 0 0 0 0
127 4 0 0 1 0 0 0 0 0
128 3 1 1 0 0 0 0 0 0
131 9 0 0 0 0 0 7 0 0
132 6 1 1 0 0 0 5 0 0
133 1 0 0 0 0 0 0 0 0
134 6 0 0 5 0 0 0 0 0
fl=/build/eglibc-uTxVna/eglibc-2.15/libio/fileops.c
fn=_IO_do_write@@GLIBC_2.1
514 3 1 1 1 0 0 1 0 0
516 11 0 0 2 0 0 2 0 0
517 3 0 0 2 0 0 0 0 0
fn=_IO_file_overflow@@GLIBC_2.1
850 117 2 2 26 0 0 65 0 0
851 39 0 0 13 0 0 0 0 0
858 74 0 0 24 0 0 0 0 0
861 3 2 2 1 0 0 0 0 0
863 2 1 1 0 0 0 2 0 0
864 6 0 0 2 0 0 3 0 0
873 2 0 0 0 0 0 0 0 0
882 4 0 0 2 0 0 0 0 0
884 1 0 0 0 0 0 1 0 0
885 1 0 0 0 0 0 1 0 0
886 1 0 0 0 0 0 1 0 0
887 2 0 0 0 0 0 2 0 0
889 2 0 0 0 0 0 1 0 0
890 5 1 1 1 0 0 0 0 0
891 2 0 0 0 0 0 1 0 0
893 26 0 0 0 0 0 0 0 0
894 5 0 0 0 0 0 4 0 0
895 2 1 1 1 0 0 0 0 0
896 24 0 0 12 0 0 0 0 0
899 48 0 0 0 0 0 24 1 1
900 36 0 0 12 0 0 0 0 0
901 24 0 0 0 0 0 0 0 0
905 24 0 0 0 0 0 0 0 0
906 78 0 0 65 0 0 0 0 0
fn=_IO_file_setbuf@@GLIBC_2.1
466 6 1 1 1 0 0 3 0 0
467 8 1 1 2 0 0 4 0 0
470 2 0 0 0 0 0 2 0 0
471 2 0 0 1 0 0 1 0 0
472 3 0 0 0 0 0 3 0 0
475 5 0 0 3 0 0 0 0 0
fn=_IO_file_stat
1246 1 1 1 0 0 0 0 0 0
1248 7 0 0 3 0 0 4 0 0
1252 2 0 0 1 0 0 0 0 0
fn=_IO_file_sync@@GLIBC_2.1
912 6 2 2 1 0 0 3 0 0
917 4 0 0 2 0 0 0 0 0
919 1 1 1 1 0 0 0 0 0
920 2 0 0 1 0 0 0 0 0
937 3 0 0 0 0 0 2 0 0
941 4 0 0 3 0 0 0 0 0
fn=_IO_file_write@@GLIBC_2.1
1282 7 1 1 3 0 0 3 0 0
1284 10 0 0 0 0 0 0 0 0
1289 9 1 1 3 0 0 5 0 0
1290 2 0 0 0 0 0 0 0 0
1295 1 0 0 0 0 0 0 0 0
1296 1 0 0 0 0 0 0 0 0
1299 4 0 0 2 0 0 0 0 0
1302 5 0 0 4 0 0 0 0 0
fn=_IO_file_xsputn@@GLIBC_2.1
1309 18 2 2 4 0 0 10 1 1
1315 4 0 0 0 0 0 0 0 0
1316 2 0 0 0 0 0 0 0 0
1322 5 0 0 2 0 0 0 0 0
1324 3 0 0 2 0 0 0 0 0
1325 3 1 1 0 0 0 1 0 0
1328 3 0 0 0 0 0 0 0 0
1330 3 0 0 1 0 0 0 0 0
1332 4 0 0 0 0 0 1 0 0
1343 6 1 1 0 0 0 0 0 0
1347 4 0 0 0 0 0 0 0 0
1361 3 0 0 0 0 0 0 0 0
1362 3 0 0 1 0 0 1 0 0
1363 3 0 0 1 0 0 1 0 0
1365 3 0 0 0 0 0 0 0 0
1367 4 0 0 1 0 0 0 0 0
1371 8 1 1 4 0 0 3 0 0
1378 6 0 0 4 0 0 1 0 0
1379 7 1 1 2 0 0 0 0 0
1381 4 0 0 0 0 0 0 0 0
1392 2 0 0 0 0 0 0 0 0
1395 2 0 0 0 0 0 0 0 0
1396 12 1 1 10 0 0 0 0 0
fn=new_do_write
526 9 1 1 0 0 0 5 0 0
528 3 0 0 1 0 0 0 0 0
535 4 1 1 2 0 0 0 0 0
543 8 1 1 4 0 0 4 0 0
544 5 2 2 1 0 0 0 0 0
547 4 0 0 1 0 0 3 0 0
548 2 0 0 0 0 0 2 0 0
549 1 0 0 0 0 0 1 0 0
550 2 0 0 1 0 0 0 0 0
551 3 0 0 1 0 0 0 0 0
553 7 0 0 5 0 0 0 0 0
fl=/build/eglibc-uTxVna/eglibc-2.15/libio/genops.c
fn=_IO_cleanup
951 12 0 0 4 0 0 0 0 0
953 9 0 0 3 0 0 0 0 0
954 4 0 0 0 0 0 0 0 0
955 2 0 0 0 0 0 0 0 0
957 4 0 0 1 0 0 0 0 0
962 17 2 2 6 0 0 2 0 0
969 5 0 0 2 0 0 0 0 0
971 2 1 1 0 0 0 1 0 0
973 2 0 0 1 0 0 1 0 0
974 1 0 0 0 0 0 1 0 0
975 2 0 0 1 0 0 1 0 0
976 4 0 0 1 0 0 1 0 0
979 6 0 0 3 0 0 4 0 0
981 5 0 0 1 0 0 0 0 0
982 11 1 1 3 0 0 2 0 0
987 3 1 1 0 0 0 3 0 0
1007 7 1 1 0 0 0 5 0 0
1010 3 0 0 0 0 0 3 0 0
1022 7 0 0 6 0 0 0 0 0
fn=_IO_default_setbuf
562 10 1 1 3 0 0 5 0 0
563 6 1 1 3 0 0 2 0 0
565 2 0 0 0 0 0 0 0 0
567 1 0 0 1 0 0 0 0 0
568 7 0 0 0 0 0 5 0 0
575 3 1 1 0 0 0 3 0 0
576 3 0 0 0 0 0 3 0 0
578 7 0 0 5 0 0 0 0 0
fn=_IO_doallocbuf
419 6 1 1 1 0 0 3 0 0
420 3 0 0 1 0 0 0 0 0
422 2 0 0 1 0 0 0 0 0
423 6 1 1 3 0 0 2 0 0
426 4 0 0 3 0 0 0 0 0
fn=_IO_flush_all_lockp
823 8 1 1 1 0 0 5 0 0
824 1 0 0 0 0 0 1 0 0
829 3 1 1 0 0 0 1 0 0
834 1 0 0 1 0 0 0 0 0
835 1 1 1 1 1 1 0 0 0
836 8 0 0 0 0 0 0 0 0
838 3 0 0 0 0 0 3 0 0
839 6 0 0 0 0 0 0 0 0
840 3 1 1 1 0 0 1 0 0
842 18 2 2 9 4 4 0 0 0
844 6 0 0 3 0 0 0 0 0
845 6 0 0 0 0 0 0 0 0
852 6 1 1 0 0 0 0 0 0
854 3 0 0 0 0 0 3 0 0
856 9 1 1 3 0 0 0 0 0
863 3 1 1 3 0 0 0 0 0
867 2 0 0 0 0 0 0 0 0
869 3 0 0 1 0 0 0 0 0
873 7 0 0 6 0 0 0 0 0
fn=_IO_setb
404 12 1 1 2 0 0 6 0 0
405 8 0 0 3 0 0 0 0 0
407 4 0 0 2 0 0 2 0 0
408 4 0 0 2 0 0 2 0 0
409 6 0 0 2 0 0 0 0 0
410 1 1 1 1 0 0 0 0 0
412 1 0 0 1 0 0 0 0 0
413 8 0 0 6 0 0 0 0 0
fn=__overflow
244 72 2 2 12 0 0 36 0 0
246 36 0 0 12 0 0 0 0 0
248 72 0 0 48 0 0 36 0 0
249 48 1 1 36 0 0 0 0 0
fl=/build/eglibc-uTxVna/eglibc-2.15/libio/oldstdfiles.c
fn=_IO_check_libio
78 4 1 1 0 0 0 3 0 0
79 3 0 0 1 0 0 0 0 0
92 3 1 1 3 0 0 0 0 0
fl=/build/eglibc-uTxVna/eglibc-2.15/malloc/arena.c
fn=ptmalloc_init
332 139 0 0 46 4 0 0 0 0
334 90 1 1 45 24 0 0 0 0
335 4 0 0 2 0 0 0 0 0
336 4 0 0 2 1 0 0 0 0
350 45 0 0 0 0 0 0 0 0
370 7 2 2 0 0 0 5 0 0
371 3 0 0 1 1 1 0 0 0
372 1 0 0 0 0 0 1 0 0
380 3 0 0 1 0 0 0 0 0
381 8 1 1 0 0 0 2 0 0
382 4 1 1 2 0 0 0 0 0
387 4 1 1 2 2 0 1 1 0
388 13 1 1 2 2 0 7 1 1
390 5 0 0 2 1 0 0 0 0
455 2 0 0 0 0 0 0 0 0
460 2 0 0 2 1 1 0 0 0
461 2 0 0 0 0 0 0 0 0
463 1 0 0 0 0 0 1 1 0
464 6 0 0 5 0 0 0 0 0
fl=/build/eglibc-uTxVna/eglibc-2.15/malloc/hooks.c
fn=malloc_hook_ini
30 6 1 1 1 0 0 3 0 0
31 2 0 0 1 0 0 1 0 0
32 1 0 0 0 0 0 1 0 0
33 2 1 1 0 0 0 1 1 0
34 3 0 0 2 0 0 0 0 0
fl=/build/eglibc-uTxVna/eglibc-2.15/malloc/malloc.c
fn=_int_free
3946 198 2 2 18 0 0 126 10 1
3957 18 0 0 0 0 0 18 0 0
3959 54 0 0 18 0 0 0 0 0
3965 72 0 0 0 0 0 0 0 0
3966 36 0 0 0 0 0 0 0 0
3976 36 0 0 0 0 0 0 0 0
3989 36 1 1 18 0 0 0 0 0
4065 36 1 1 0 0 0 0 0 0
4066 54 0 0 18 0 0 0 0 0
4080 18 0 0 0 0 0 0 0 0
4084 72 0 0 36 0 0 0 0 0
4090 36 0 0 18 0 0 0 0 0
4098 54 1 1 18 0 0 0 0 0
4104 18 0 0 0 0 0 0 0 0
4105 36 0 0 0 0 0 0 0 0
4106 54 0 0 36 0 0 0 0 0
4112 54 0 0 18 0 0 0 0 0
4116 36 0 0 18 0 0 0 0 0
4123 54 2 2 36 0 0 0 0 0
4128 36 0 0 18 0 0 0 0 0
4132 18 0 0 18 0 0 0 0 0
4140 36 0 0 18 0 0 0 0 0
4141 36 0 0 36 0 0 0 0 0
4142 36 0 0 18 0 0 0 0 0
4147 18 0 0 0 0 0 18 0 0
4148 18 0 0 0 0 0 18 0 0
4149 36 0 0 0 0 0 0 0 0
4151 18 0 0 0 0 0 18 0 0
4152 18 1 1 0 0 0 18 0 0
4154 36 0 0 18 0 0 18 0 0
4155 18 0 0 0 0 0 18 0 0
4157 54 0 0 0 0 0 18 0 0
4158 18 0 0 0 0 0 18 0 0
4188 36 0 0 0 0 0 0 0 0
4208 54 1 1 18 0 0 0 0 0
4220 108 0 0 90 0 0 0 0 0
fn=_int_malloc
2370 395 1 1 158 142 0 158 0 0
2371 79 0 0 0 0 0 0 0 0
2381 237 0 0 158 71 0 0 0 0
2439 237 1 1 79 0 0 79 0 0
2448 864 1 1 314 0 0 79 0 0
2454 234 0 0 156 0 0 0 0 0
2457 316 1 1 0 0 0 79 0 0
2507 553 1 1 237 0 0 0 0 0
2515 79 0 0 79 0 0 0 0 0
2526 474 1 1 158 0 0 79 0 0
2534 158 0 0 0 0 0 0 0 0
2535 474 1 1 158 143 0 316 0 0
2537 352 0 0 176 0 0 0 0 0
2539 122 0 0 122 60 0 0 0 0
2540 122 0 0 0 0 0 0 0 0
2553 36 0 0 0 0 0 0 0 0
2554 4 0 0 3 0 0 0 0 0
2557 176 0 0 0 0 0 61 0 0
2561 36 0 0 18 0 0 0 0 0
2563 162 2 2 0 0 0 144 0 0
2565 54 0 0 18 0 0 0 0 0
2569 72 0 0 0 0 0 18 0 0
2577 18 0 0 18 0 0 0 0 0
2582 36 0 0 0 0 0 0 0 0
2583 237 0 0 79 72 0 0 0 0
2584 1 0 0 0 0 0 1 0 0
2585 316 1 1 79 72 0 158 0 0
2591 312 0 0 156 0 0 0 0 0
2592 300 0 0 120 0 0 60 0 0
2594 112 2 2 38 0 0 0 0 0
2625 2 1 1 0 0 0 0 0 0
2634 5 0 0 0 0 0 2 0 0
2653 2 1 1 2 0 0 0 0 0
2656 2 0 0 0 0 0 0 0 0
2657 3 0 0 2 0 0 0 0 0
2659 2 0 0 0 0 0 0 0 0
2660 5 1 1 2 0 0 3 0 0
2672 3 0 0 1 0 0 0 0 0
2677 2 0 0 2 0 0 0 0 0
2678 2 0 0 0 0 0 0 0 0
2686 36 0 0 0 0 0 0 0 0
2689 36 0 0 18 0 0 0 0 0
2695 73 2 2 1 0 0 18 0 0
2696 19 0 0 0 0 0 19 0 0
2697 76 1 1 0 0 0 19 19 19
2698 57 0 0 38 0 0 19 0 0
2709 38 0 0 19 0 0 0 0 0
2715 36 0 0 18 0 0 0 0 0
2716 54 0 0 0 0 0 18 0 0
2724 18 0 0 0 0 0 18 18 18
2727 18 0 0 0 0 0 18 0 0
2731 36 0 0 0 0 0 0 0 0
2732 144 0 0 36 0 0 36 0 0
2742 158 1 1 79 0 0 0 0 0
2743 79 0 0 0 0 0 79 0 0
2748 158 0 0 79 0 0 0 0 0
2751 158 0 0 79 0 0 0 0 0
2752 79 0 0 79 0 0 0 0 0
2753 158 0 0 79 0 0 0 0 0
2754 79 0 0 0 0 0 79 0 0
2755 632 1 1 158 0 0 79 0 0
2756 158 0 0 0 0 0 79 79 79
2758 79 0 0 0 0 0 0 0 0
3455 40527 1 1 0 0 0 27018 0 0
3485 45030 1 1 9006 0 0 9006 0 0
3493 9006 0 0 4503 0 0 0 0 0
3529 9006 1 1 4503 0 0 0 0 0
3570 45030 2 2 9006 0 0 4503 0 0
3571 9006 0 0 4503 0 0 0 0 0
3572 2 0 0 0 0 0 1 0 0
3591 22569 1 1 9042 0 0 4503 0 0
3592 18 0 0 18 0 0 0 0 0
3593 54 0 0 18 0 0 0 0 0
3594 36 0 0 18 0 0 0 0 0
3597 18 0 0 0 0 0 0 0 0
3607 36 0 0 18 0 0 0 0 0
3610 13509 0 0 4503 0 0 4503 0 0
3637 18 0 0 0 0 0 18 0 0
3638 36 1 1 18 0 0 18 0 0
3642 36 0 0 18 0 0 0 0 0
3655 36 0 0 0 0 0 0 0 0
3661 9222 2 2 0 0 0 4521 0 0
3662 72 1 1 0 0 0 36 0 0
3663 36 0 0 18 11 1 0 0 0
3666 36 0 0 0 0 0 0 0 0
3668 16 0 0 0 0 0 0 0 0
3670 80 0 0 32 9 0 16 0 0
3671 32 0 0 16 0 0 0 0 0
3680 80 0 0 32 8 0 0 0 0
3681 32 1 1 0 0 0 0 0 0
3687 48 0 0 0 0 0 16 0 0
3689 32 0 0 16 0 0 0 0 0
3697 32 0 0 16 7 0 0 0 0
3700 8 1 1 0 0 0 4 0 0
3703 126 0 0 90 0 0 18 0 0
3704 18 0 0 0 0 0 18 0 0
3705 18 0 0 0 0 0 18 0 0
3706 18 0 0 0 0 0 18 0 0
3707 18 0 0 0 0 0 18 0 0
3710 36 0 0 18 0 0 0 0 0
3719 9006 1 1 4503 0 0 0 0 0
3720 13509 2 2 9006 0 0 0 0 0
3723 13509 0 0 4503 0 0 0 0 0
3790 9006 0 0 4503 0 0 0 0 0
3791 13509 0 0 9006 0 0 0 0 0
3792 9006 0 0 0 0 0 0 0 0
3793 9006 0 0 4503 0 0 0 0 0
3794 9006 0 0 0 0 0 0 0 0
3799 18012 0 0 0 0 0 0 0 0
3801 13509 1 1 0 0 0 0 0 0
3899 4503 1 1 4503 0 0 0 0 0
3900 13509 0 0 4503 0 0 0 0 0
3902 9006 0 0 4503 0 0 0 0 0
3903 4424 0 0 4424 0 0 0 0 0
3904 8848 1 1 4424 0 0 0 0 0
3905 4424 0 0 0 0 0 4424 0 0
3906 44240 0 0 4424 0 0 8848 0 0
3908 13351 1 1 0 0 0 4503 4424 4424
3911 4424 0 0 0 0 0 0 0 0
3912 13272 0 0 4424 0 0 0 0 0
3919 158 0 0 79 0 0 0 0 0
3923 13509 0 0 4503 0 0 4503 0 0
3925 121581 2 2 22515 0 0 49533 0 0
3933 632 0 0 79 0 0 0 0 0
3934 1 0 0 0 0 0 1 0 0
3938 31521 1 1 22515 0 0 0 0 0
fn=free
2954 10 1 1 2 0 0 4 0 0
2959 4 0 0 4 1 1 0 0 0
2960 4 0 0 0 0 0 0 0 0
2965 4 0 0 0 0 0 0 0 0
2986 6 1 1 4 0 0 0 0 0
fn=malloc
2910 36032 2 2 4504 0 0 22520 0 0
2915 9008 0 0 9008 2 0 0 0 0
2916 9008 0 0 0 0 0 0 0 0
2917 6 2 2 1 0 0 3 0 0
2919 13509 0 0 13509 0 0 0 0 0
2921 31521 1 1 9006 1 1 0 0 0
2924 18012 0 0 0 0 0 4503 0 0
2925 9006 0 0 0 0 0 0 0 0
2945 18012 0 0 9006 0 0 0 0 0
2946 36024 1 1 4503 0 0 0 0 0
2949 31528 0 0 22520 0 0 0 0 0
fn=malloc_consolidate
1912 254 0 0 0 0 0 0 0 0
1913 127 1 1 0 0 0 0 0 0
1914 381 0 0 0 0 0 254 16 16
1918 3 1 1 0 0 0 0 0 0
1922 3 1 1 1 0 0 1 0 0
1923 2 0 0 0 0 0 1 0 0
1925 2 0 0 0 0 0 1 0 0
4237 9 1 1 0 0 0 5 0 0
4259 4 0 0 1 0 0 0 0 0
4332 6 0 0 5 0 0 0 0 0
fl=/build/eglibc-uTxVna/eglibc-2.15/malloc/morecore.c
fn=__default_morecore
48 80 1 1 0 0 0 0 0 0
49 240 0 0 80 0 0 160 71 0
51 240 0 0 0 0 0 0 0 0
53 160 0 0 80 0 0 0 0 0
fl=/build/eglibc-uTxVna/eglibc-2.15/math/../sysdeps/ieee754/dbl-64/s_isinf.c
fn=isinf
21 1 1 1 0 0 0 0 0 0
23 4 0 0 3 0 0 1 0 0
24 4 0 0 0 0 0 0 0 0
25 3 0 0 0 0 0 0 0 0
26 4 0 0 0 0 0 0 0 0
27 2 0 0 1 0 0 0 0 0
fl=/build/eglibc-uTxVna/eglibc-2.15/math/../sysdeps/ieee754/dbl-64/s_isnan.c
fn=isnan
32 1 1 1 0 0 0 0 0 0
34 4 1 1 3 0 0 1 0 0
35 1 0 0 0 0 0 0 0 0
36 5 0 0 0 0 0 0 0 0
37 2 0 0 0 0 0 0 0 0
38 1 0 0 0 0 0 0 0 0
39 2 0 0 1 0 0 0 0 0
fl=/build/eglibc-uTxVna/eglibc-2.15/misc/../sysdeps/unix/syscall-template.S
fn=mprotect
82 36 1 1 16 0 0 4 0 0
83 4 0 0 4 0 0 0 0 0
fn=munmap
82 8 1 1 2 0 0 0 0 0
83 1 0 0 1 0 0 0 0 0
fl=/build/eglibc-uTxVna/eglibc-2.15/misc/../sysdeps/unix/sysv/linux/getclktck.c
fn=__getclktck
30 4 1 1 0 0 0 2 0 0
31 10 1 1 4 3 2 0 0 0
32 2 0 0 2 0 0 0 0 0
fl=/build/eglibc-uTxVna/eglibc-2.15/misc/../sysdeps/unix/sysv/linux/i386/brk.c
fn=brk
36 480 1 1 80 0 0 240 0 0
41 480 0 0 80 0 0 80 0 0
43 160 0 0 80 0 0 80 0 0
45 160 0 0 0 0 0 0 0 0
47 54 0 0 36 0 0 18 0 0
48 36 0 0 0 0 0 0 0 0
51 80 0 0 0 0 0 0 0 0
52 320 0 0 240 0 0 0 0 0
fl=/build/eglibc-uTxVna/eglibc-2.15/misc/../sysdeps/unix/sysv/linux/i386/mmap.S
fn=mmap
35 28 2 2 0 0 0 28 0 0
37 28 0 0 0 0 0 28 0 0
39 28 0 0 0 0 0 28 0 0
41 28 0 0 0 0 0 28 1 1
44 28 0 0 28 0 0 0 0 0
46 28 0 0 28 0 0 0 0 0
47 28 0 0 28 0 0 0 0 0
48 28 1 1 28 0 0 0 0 0
50 28 0 0 28 0 0 0 0 0
52 28 0 0 28 0 0 0 0 0
54 28 0 0 0 0 0 0 0 0
55 28 0 0 0 0 0 0 0 0
56 28 0 0 0 0 0 0 0 0
57 28 0 0 0 0 0 0 0 0
59 28 1 1 0 0 0 0 0 0
62 28 0 0 19 0 0 19 0 0
65 28 0 0 28 0 0 0 0 0
68 28 0 0 28 0 0 0 0 0
71 28 0 0 28 0 0 0 0 0
74 28 0 0 28 0 0 0 0 0
98 28 0 0 0 0 0 0 0 0
99 28 0 0 0 0 0 0 0 0
103 28 0 0 28 0 0 0 0 0
fl=/build/eglibc-uTxVna/eglibc-2.15/misc/init-misc.c
fn=__init_misc
31 7 1 1 1 0 0 4 0 0
32 5 0 0 1 0 0 0 0 0
34 3 1 1 0 0 0 3 0 0
35 2 0 0 0 0 0 0 0 0
38 3 0 0 1 1 0 1 1 0
39 3 0 0 2 0 0 1 0 0
41 5 0 0 4 0 0 0 0 0
fl=/build/eglibc-uTxVna/eglibc-2.15/misc/sbrk.c
fn=sbrk
35 640 2 2 80 0 0 400 0 0
43 557 0 0 239 79 0 0 0 0
44 6 1 1 1 0 0 2 0 0
45 1 0 0 0 0 0 0 0 0
47 160 0 0 0 0 0 0 0 0
51 237 0 0 0 0 0 0 0 0
54 158 0 0 0 0 0 158 0 0
55 237 0 0 0 0 0 0 0 0
58 560 0 0 400 0 0 0 0 0
fl=/build/eglibc-uTxVna/eglibc-2.15/nptl/../nptl/sysdeps/unix/sysv/linux/register-atfork.c
fn=__linkin_atfork
115 4 1 1 1 0 0 2 0 0
117 2 0 0 1 1 1 1 0 0
118 2 0 0 0 0 0 0 0 0
119 4 0 0 2 0 0 0 0 0
120 2 0 0 2 0 0 0 0 0
fl=/build/eglibc-uTxVna/eglibc-2.15/nptl/../nptl/sysdeps/unix/sysv/linux/unregister-atfork.c
fn=__unregister_atfork
29 9 1 1 1 0 0 5 0 0
37 1 0 0 1 1 1 0 0 0
40 4 1 1 0 0 0 0 0 0
41 2 0 0 1 1 1 0 0 0
46 1 0 0 1 0 0 0 0 0
122 6 0 0 5 0 0 0 0 0
fl=/build/eglibc-uTxVna/eglibc-2.15/posix/../sysdeps/posix/sysconf.c
fn=sysconf
54 10 1 1 2 2 2 0 0 0
77 4 1 1 0 0 0 2 0 0
fl=/build/eglibc-uTxVna/eglibc-2.15/posix/../sysdeps/unix/syscall-template.S
fn=uname
82 7 1 1 1 0 0 0 0 0
83 1 0 0 1 0 0 0 0 0
fl=/build/eglibc-uTxVna/eglibc-2.15/posix/../sysdeps/unix/sysv/linux/i386/_exit.S
fn=_Exit
25 1 1 1 1 0 0 0 0 0
29 1 0 0 0 0 0 0 0 0
30 1 0 0 1 0 0 1 0 0
fl=/build/eglibc-uTxVna/eglibc-2.15/posix/../sysdeps/unix/sysv/linux/times.c
fn=times
26 2 1 1 2 0 0 0 0 0
28 12 0 0 2 1 1 2 0 0
29 4 0 0 0 0 0 0 0 0
55 6 0 0 0 0 0 0 0 0
58 4 0 0 2 0 0 0 0 0
fl=/build/eglibc-uTxVna/eglibc-2.15/posix/../sysdeps/unix/sysv/linux/x86_64/../sysconf.c
fn=sysconf
72 16 2 2 0 0 0 0 0 0
fl=/build/eglibc-uTxVna/eglibc-2.15/posix/../sysdeps/unix/sysv/linux/x86_64/sysconf.c
fn=sysconf
33 16 1 1 2 0 0 10 1 1
34 6 0 0 0 0 0 0 0 0
38 12 1 1 10 0 0 0 0 0
fl=/build/eglibc-uTxVna/eglibc-2.15/setjmp/../sysdeps/i386/bsd-_setjmp.S
fn=_setjmp
36 1 1 1 0 0 0 0 0 0
37 1 0 0 1 0 0 0 0 0
41 1 0 0 0 0 0 1 0 0
42 1 0 0 0 0 0 1 0 0
43 1 0 0 0 0 0 1 0 0
44 1 0 0 0 0 0 0 0 0
46 2 0 0 1 0 0 0 0 0
48 1 0 0 0 0 0 1 0 0
49 1 0 0 1 0 0 0 0 0
51 2 0 0 1 0 0 0 0 0
53 1 0 0 0 0 0 1 0 0
55 1 0 0 0 0 0 1 0 0
57 1 0 0 0 0 0 1 0 0
58 1 0 0 1 0 0 0 0 0
fl=/build/eglibc-uTxVna/eglibc-2.15/setjmp/../sysdeps/i386/setjmp.S
fn=__sigsetjmp
34 3 1 1 3 0 0 0 0 0
38 3 0 0 0 0 0 3 0 0
39 3 0 0 0 0 0 3 0 0
40 3 0 0 0 0 0 3 0 0
41 3 0 0 0 0 0 0 0 0
45 3 1 1 0 0 0 3 0 0
46 3 0 0 3 0 0 0 0 0
50 3 0 0 0 0 0 3 0 0
52 3 0 0 0 0 0 3 0 0
56 3 0 0 0 0 0 0 0 0
57 3 0 0 3 0 0 0 0 0
fl=/build/eglibc-uTxVna/eglibc-2.15/signal/../sysdeps/unix/syscall-template.S
fn=???
84 4 0 0 4 0 0 0 0 0
fl=/build/eglibc-uTxVna/eglibc-2.15/stdio-common/../nptl/sysdeps/pthread/allocalim.h
fn=__printf_fp
28 2 0 0 0 0 0 0 0 0
fl=/build/eglibc-uTxVna/eglibc-2.15/stdio-common/printf-parse.h
fn=vfprintf
99 10 1 1 1 0 0 8 2 2
fl=/build/eglibc-uTxVna/eglibc-2.15/stdio-common/printf.c
fn=printf
30 4 1 1 0 0 0 2 0 0
34 1 0 0 0 0 0 0 0 0
35 7 1 1 3 2 2 4 0 0
39 3 0 0 2 0 0 0 0 0
fl=/build/eglibc-uTxVna/eglibc-2.15/stdio-common/printf_fp.c
fn=__printf_fp
160 2 0 0 0 0 0 1 0 0
163 8 1 1 0 0 0 5 1 1
177 1 0 0 0 0 0 1 0 0
178 1 0 0 0 0 0 1 0 0
196 1 1 1 0 0 0 1 0 0
198 1 0 0 0 0 0 1 0 0
213 2 1 1 0 0 0 2 0 0
220 7 0 0 2 0 0 1 1 1
279 2 0 0 0 0 0 0 0 0
281 8 1 1 5 3 3 3 0 0
282 2 0 0 1 0 0 1 0 0
305 5 0 0 2 0 0 0 0 0
313 1 1 1 0 0 0 1 0 0
354 2 0 0 0 0 0 0 0 0
356 2 0 0 2 0 0 0 0 0
402 1 1 1 1 0 0 0 0 0
406 6 0 0 1 0 0 3 2 2
421 6 1 1 1 0 0 3 0 0
437 10 1 1 0 0 0 7 0 0
441 4 1 1 0 0 0 1 0 0
477 7 1 1 1 0 0 0 0 0
478 1 0 0 0 0 0 0 0 0
481 6 1 1 0 0 0 1 0 0
482 4 0 0 0 0 0 1 0 0
483 4 0 0 0 0 0 1 0 0
489 1 0 0 0 0 0 1 0 0
490 3 0 0 0 0 0 0 0 0
499 5 1 1 1 0 0 1 0 0
507 14 0 0 5 0 0 4 0 0
508 1 1 1 0 0 0 1 1 1
509 7 1 1 2 0 0 0 0 0
510 11 1 1 3 0 0 2 0 0
511 2 0 0 0 0 0 0 0 0
512 6 0 0 2 0 0 2 0 0
514 9 1 1 1 0 0 3 0 0
519 13 1 1 0 0 0 0 0 0
523 65 1 1 26 4 4 0 0 0
525 4 0 0 0 0 0 0 0 0
548 1 0 0 1 0 0 0 0 0
549 9 0 0 4 0 0 4 0 0
550 2 0 0 0 0 0 1 0 0
555 17 1 1 5 0 0 7 0 0
559 7 0 0 2 0 0 0 0 0
564 28 1 1 8 0 0 10 0 0
567 16 1 1 4 0 0 10 0 0
568 6 0 0 6 0 0 0 0 0
569 10 0 0 0 0 0 2 0 0
570 10 0 0 2 0 0 0 0 0
573 24 0 0 12 0 0 0 0 0
575 26 0 0 13 0 0 0 0 0
576 2 1 1 1 0 0 1 0 0
582 3 0 0 0 0 0 0 0 0
586 15 3 3 5 0 0 4 0 0
590 2 1 1 2 0 0 0 0 0
592 2 0 0 0 0 0 0 0 0
606 2 1 1 0 0 0 0 0 0
618 5 1 1 3 0 0 1 0 0
621 6 2 2 1 0 0 0 0 0
637 9 0 0 2 0 0 6 0 0
639 3 0 0 1 0 0 0 0 0
640 11 1 1 4 0 0 5 0 0
642 9 0 0 3 0 0 1 0 0
834 3 2 2 2 0 0 1 0 0
843 1 0 0 0 0 0 1 0 0
844 7 0 0 6 1 1 1 0 0
846 2 0 0 0 0 0 0 0 0
856 2 0 0 1 0 0 0 0 0
858 1 0 0 0 0 0 1 0 0
859 11 2 2 3 0 0 3 0 0
860 1 0 0 0 0 0 1 0 0
861 1 0 0 0 0 0 1 0 0
862 3 1 1 1 0 0 0 0 0
864 3 0 0 1 0 0 1 0 0
866 2 0 0 0 0 0 1 0 0
904 3 1 1 1 0 0 0 0 0
918 4 1 1 2 0 0 0 0 0
925 2 0 0 1 0 0 0 0 0
926 1 0 0 0 0 0 1 0 0
935 6 1 1 0 0 0 1 0 0
936 3 0 0 1 0 0 1 0 0
939 3 0 0 1 0 0 0 0 0
942 20 1 1 8 0 0 1 0 0
944 4 0 0 0 0 0 0 0 0
945 12 0 0 4 0 0 8 0 0
947 1 0 0 0 0 0 1 0 0
948 3 1 1 1 0 0 0 0 0
951 4 1 1 2 0 0 1 0 0
963 1 0 0 0 0 0 0 0 0
964 2 0 0 0 0 0 2 0 0
965 15 0 0 7 0 0 0 0 0
966 2 0 0 1 0 0 0 0 0
968 6 0 0 0 0 0 0 0 0
969 18 0 0 6 0 0 12 0 0
970 18 1 1 0 0 0 0 0 0
972 6 0 0 0 0 0 6 0 0
981 2 1 1 1 0 0 1 0 0
982 2 0 0 0 0 0 0 0 0
1104 2 1 1 1 0 0 0 0 0
1111 2 1 1 0 0 0 0 0 0
1114 3 0 0 1 0 0 0 0 0
1127 3 1 1 1 0 0 0 0 0
1173 5 1 1 3 0 0 0 0 0
1174 1 1 1 1 0 0 0 0 0
1175 7 0 0 2 0 0 2 0 0
1177 7 1 1 3 0 0 0 0 0
1180 2 0 0 0 0 0 0 0 0
1181 12 3 3 4 0 0 3 0 0
1185 6 1 1 3 0 0 0 0 0
1187 5 1 1 1 0 0 0 0 0
1196 3 1 1 1 0 0 0 0 0
1204 4 0 0 2 0 0 1 0 0
1206 4 1 1 1 0 0 3 0 0
1208 4 0 0 1 0 0 0 0 0
1209 1 0 0 0 0 0 1 0 0
1213 3 0 0 2 0 0 0 0 0
1214 2 1 1 1 0 0 0 0 0
1215 3 0 0 1 0 0 0 0 0
1226 6 0 0 0 0 0 1 0 0
1227 2 0 0 1 0 0 1 0 0
1233 40 1 1 4 0 0 0 0 0
1234 33 0 0 11 0 0 0 0 0
1235 3 0 0 2 0 0 1 0 0
1236 20 0 0 10 0 0 0 0 0
1237 6 0 0 1 0 0 4 0 0
1239 20 0 0 0 0 0 10 0 0
1242 1 0 0 1 0 0 0 0 0
1243 3 1 1 2 0 0 0 0 0
1260 195 2 2 59 0 0 45 0 0
1263 3 1 1 1 0 0 0 0 0
1270 3 0 0 1 0 0 0 0 0
1274 7 1 1 5 0 0 0 0 0
fn=hack_digit.12707
236 77 1 1 0 0 0 44 0 0
239 33 0 0 11 0 0 0 0 0
241 33 0 0 11 0 0 0 0 0
243 11 0 0 11 0 0 0 0 0
248 22 0 0 0 0 0 0 0 0
252 110 1 1 33 0 0 77 0 0
253 55 0 0 33 0 0 11 0 0
254 11 0 0 11 0 0 0 0 0
256 11 0 0 0 0 0 11 0 0
257 99 2 2 22 0 0 0 0 0
268 55 1 1 0 0 0 55 0 0
269 22 0 0 0 0 0 0 0 0
270 40 0 0 16 0 0 16 0 0
274 66 0 0 44 0 0 0 0 0
fl=/build/eglibc-uTxVna/eglibc-2.15/stdio-common/vfprintf.c
fn=vfprintf
211 9 2 2 1 0 0 5 0 0
216 2 0 0 0 0 0 2 0 0
246 5 0 0 3 1 1 2 2 2
250 1 0 0 0 0 0 1 1 1
253 1 0 0 0 0 0 1 0 0
259 1 0 0 0 0 0 1 0 0
1265 9 1 1 3 2 2 1 0 0
1269 6 0 0 2 1 1 0 0 0
1273 5 1 1 2 0 0 0 0 0
1274 6 0 0 2 0 0 0 0 0
1280 2 0 0 0 0 0 0 0 0
1283 1 0 0 1 0 0 0 0 0
1287 1 0 0 0 0 0 1 0 0
1291 1 1 1 0 0 0 1 0 0
1295 1 1 1 0 0 0 1 0 0
1306 11 1 1 3 2 2 4 0 0
1307 13 1 1 7 2 2 1 0 0
1310 16 2 2 9 1 1 5 0 0
1314 3 0 0 2 0 0 0 0 0
1318 11 1 1 4 2 2 0 0 0
1345 1 0 0 0 0 0 1 1 1
1346 1 0 0 0 0 0 1 0 0
1347 1 0 0 0 0 0 1 0 0
1348 1 1 1 0 0 0 1 0 0
1349 1 0 0 0 0 0 1 0 0
1350 1 0 0 0 0 0 1 0 0
1351 1 0 0 0 0 0 1 0 0
1352 1 0 0 0 0 0 1 0 0
1353 1 0 0 0 0 0 1 0 0
1354 1 0 0 0 0 0 1 0 0
1355 1 1 1 0 0 0 1 0 0
1358 1 0 0 0 0 0 1 0 0
1359 1 0 0 0 0 0 1 0 0
1362 1 0 0 0 0 0 1 0 0
1363 2 0 0 0 0 0 1 0 0
1366 13 3 3 5 2 2 2 0 0
1596 83 8 8 23 0 0 21 0 0
1615 2 1 1 1 0 0 0 0 0
1617 2 0 0 0 0 0 1 0 0
1623 2 0 0 1 0 0 0 0 0
1627 20 2 2 8 0 0 5 0 0
1629 2 0 0 1 0 0 0 0 0
2017 2 2 2 1 0 0 0 0 0
2019 3 0 0 1 0 0 2 0 0
2020 3 1 1 1 0 0 2 0 0
2022 15 0 0 5 0 0 2 0 0
2023 3 0 0 1 0 0 0 0 0
2026 7 1 1 6 0 0 0 0 0
fl=/build/eglibc-uTxVna/eglibc-2.15/stdlib/../sysdeps/i386/lshift.S
fn=__mpn_lshift
35 1 1 1 0 0 0 1 0 0
37 1 0 0 0 0 0 1 0 0
39 1 0 0 0 0 0 1 0 0
42 1 0 0 1 0 0 0 0 0
44 1 0 0 1 0 0 0 0 0
46 1 0 0 1 0 0 0 0 0
47 1 1 1 1 0 0 0 0 0
54 1 0 0 0 0 0 0 0 0
56 1 0 0 1 0 0 0 0 0
59 1 0 0 0 0 0 0 0 0
60 1 0 0 0 0 0 0 0 0
61 1 0 0 0 0 0 0 0 0
62 1 0 0 0 0 0 0 0 0
63 1 0 0 0 0 0 1 0 0
65 1 0 0 0 0 0 0 0 0
66 1 0 0 0 0 0 0 0 0
74 1 0 0 1 0 0 0 0 0
75 1 0 0 0 0 0 0 0 0
76 1 0 0 0 0 0 1 0 0
77 1 0 0 0 0 0 0 0 0
78 1 0 0 0 0 0 0 0 0
80 1 0 0 0 0 0 0 0 0
81 1 0 0 0 0 0 1 0 0
83 1 0 0 1 0 0 0 0 0
86 1 0 0 1 0 0 0 0 0
89 1 0 0 1 0 0 0 0 0
92 1 0 0 1 0 0 0 0 0
97 1 0 0 1 0 0 0 0 0
fl=/build/eglibc-uTxVna/eglibc-2.15/stdlib/../sysdeps/i386/mul_1.S
fn=__mpn_mul_1
41 12 1 1 0 0 0 12 0 0
43 12 0 0 0 0 0 12 0 0
45 12 0 0 0 0 0 12 0 0
47 12 0 0 0 0 0 12 0 0
50 12 0 0 12 0 0 0 0 0
52 12 0 0 12 0 0 0 0 0
54 12 0 0 12 0 0 0 0 0
55 12 0 0 12 0 0 0 0 0
63 12 0 0 0 0 0 0 0 0
64 12 0 0 0 0 0 0 0 0
65 12 0 0 0 0 0 0 0 0
66 24 0 0 0 0 0 0 0 0
70 25 0 0 25 0 0 0 0 0
71 25 0 0 0 0 0 0 0 0
72 25 0 0 0 0 0 0 0 0
73 25 0 0 0 0 0 25 0 0
74 25 0 0 0 0 0 0 0 0
75 25 0 0 0 0 0 0 0 0
77 25 0 0 0 0 0 0 0 0
78 25 0 0 0 0 0 0 0 0
79 12 0 0 0 0 0 0 0 0
81 12 0 0 12 0 0 0 0 0
84 12 0 0 12 0 0 0 0 0
87 12 0 0 12 0 0 0 0 0
90 12 0 0 12 0 0 0 0 0
95 12 0 0 12 0 0 0 0 0
fl=/build/eglibc-uTxVna/eglibc-2.15/stdlib/../sysdeps/i386/rshift.S
fn=__mpn_rshift
35 2 1 1 0 0 0 2 0 0
37 2 0 0 0 0 0 2 0 0
39 2 0 0 0 0 0 2 0 0
42 2 0 0 2 0 0 0 0 0
44 2 0 0 2 0 0 0 0 0
46 2 0 0 2 0 0 0 0 0
47 2 0 0 2 0 0 0 0 0
54 2 0 0 0 0 0 0 0 0
55 2 0 0 0 0 0 0 0 0
56 2 0 0 0 0 0 0 0 0
58 2 0 0 2 0 0 0 0 0
61 2 0 0 0 0 0 0 0 0
62 2 0 0 0 0 0 0 0 0
63 2 0 0 0 0 0 0 0 0
64 2 0 0 0 0 0 0 0 0
65 2 0 0 0 0 0 2 0 0
67 2 0 0 0 0 0 0 0 0
68 2 0 0 0 0 0 0 0 0
69 4 0 0 0 0 0 0 0 0
72 2 1 1 2 0 0 0 0 0
73 2 0 0 0 0 0 0 0 0
74 2 0 0 0 0 0 2 0 0
75 2 0 0 0 0 0 0 0 0
76 2 0 0 2 0 0 0 0 0
77 2 0 0 0 0 0 0 0 0
78 2 0 0 0 0 0 2 0 0
79 2 0 0 0 0 0 0 0 0
80 2 0 0 0 0 0 0 0 0
82 2 0 0 0 0 0 0 0 0
83 2 0 0 0 0 0 2 0 0
85 2 0 0 2 0 0 0 0 0
88 2 0 0 2 0 0 0 0 0
91 2 0 0 2 0 0 0 0 0
94 2 0 0 2 0 0 0 0 0
99 2 0 0 2 0 0 0 0 0
fl=/build/eglibc-uTxVna/eglibc-2.15/stdlib/../sysdeps/ieee754/dbl-64/dbl2mpn.c
fn=__mpn_extract_double
34 6 1 1 2 0 0 3 0 0
36 2 0 0 1 0 0 1 0 0
38 4 0 0 2 0 0 1 0 0
39 5 1 1 1 0 0 1 0 0
42 2 0 0 1 0 0 1 0 0
43 3 0 0 1 0 0 1 0 0
57 4 0 0 1 0 0 0 0 0
104 2 1 1 0 0 0 1 0 0
108 6 0 0 4 0 0 0 0 0
fl=/build/eglibc-uTxVna/eglibc-2.15/stdlib/bsearch.c
fn=bsearch
27 150 1 1 30 0 0 90 0 0
34 498 0 0 0 0 0 0 0 0
36 392 1 1 0 0 0 0 0 0
37 784 0 0 392 0 0 196 0 0
38 784 0 0 392 0 0 588 0 0
39 392 0 0 0 0 0 0 0 0
40 126 0 0 0 0 0 0 0 0
41 70 0 0 0 0 0 0 0 0
42 63 0 0 0 0 0 0 0 0
47 53 0 0 0 0 0 53 0 0
48 180 0 0 150 0 0 0 0 0
fl=/build/eglibc-uTxVna/eglibc-2.15/stdlib/cmp.c
fn=__mpn_cmp
39 10 1 1 6 0 0 4 0 0
43 4 0 0 0 0 0 0 0 0
45 2 0 0 2 0 0 0 0 0
46 2 0 0 2 0 0 0 0 0
47 4 0 0 0 0 0 0 0 0
50 2 0 0 0 0 0 0 0 0
55 8 1 1 0 0 0 0 0 0
56 6 0 0 6 0 0 0 0 0
fl=/build/eglibc-uTxVna/eglibc-2.15/stdlib/cxa_atexit.c
fn=__cxa_atexit
57 4 1 1 0 0 0 2 0 0
58 9 1 1 3 0 0 5 0 0
59 3 0 0 2 0 0 0 0 0
fn=__internal_atexit
34 4 1 1 0 0 0 2 0 0
35 3 0 0 1 0 0 2 0 0
37 2 0 0 0 0 0 0 0 0
41 3 0 0 2 0 0 0 0 0
43 1 0 0 0 0 0 1 0 0
44 2 0 0 1 0 0 1 0 0
45 2 0 0 1 0 0 1 0 0
47 1 0 0 0 0 0 1 0 0
48 1 0 0 0 0 0 0 0 0
49 3 0 0 2 0 0 0 0 0
fn=__new_exitfn
73 7 2 2 0 0 0 5 0 0
79 6 0 0 2 1 1 0 0 0
81 12 2 2 3 1 0 0 0 0
83 3 0 0 1 0 0 0 0 0
91 1 0 0 0 0 0 1 0 0
94 2 1 1 0 0 0 0 0 0
98 2 0 0 0 0 0 0 0 0
112 1 0 0 0 0 0 0 0 0
113 2 0 0 0 0 0 1 0 0
126 1 0 0 0 0 0 1 0 0
127 2 0 0 2 1 1 0 0 0
130 4 0 0 2 0 0 0 0 0
133 7 0 0 5 0 0 0 0 0
fl=/build/eglibc-uTxVna/eglibc-2.15/stdlib/cxa_finalize.c
fn=__cxa_finalize
31 8 1 1 1 0 0 5 0 0
35 7 1 1 2 0 0 0 0 0
39 7 1 1 1 0 0 0 0 0
67 6 0 0 2 0 0 0 0 0
71 8 1 1 1 1 1 0 0 0
79 2 0 0 0 0 0 0 0 0
80 2 0 0 0 0 0 1 0 0
82 5 1 1 4 0 0 0 0 0
fl=/build/eglibc-uTxVna/eglibc-2.15/stdlib/divrem.c
fn=__mpn_divrem
57 88 2 2 11 0 0 55 1 1
58 11 0 0 0 0 0 11 0 0
60 44 0 0 22 0 0 0 0 0
100 33 1 1 11 0 0 11 1 1
101 22 0 0 22 0 0 0 0 0
102 11 0 0 11 0 0 0 0 0
103 22 1 1 22 0 0 0 0 0
104 11 0 0 11 0 0 0 0 0
106 22 0 0 0 0 0 0 0 0
112 93 1 1 40 0 0 11 0 0
117 27 1 1 18 0 0 0 0 0
118 54 0 0 27 0 0 18 0 0
122 27 0 0 18 0 0 0 0 0
137 54 0 0 0 0 0 27 0 0
141 54 1 1 18 0 0 0 0 0
142 18 0 0 9 0 0 0 0 0
147 36 0 0 9 0 0 0 0 0
154 9 0 0 0 0 0 9 0 0
158 36 0 0 18 0 0 18 0 0
159 27 0 0 9 0 0 0 0 0
161 22 0 0 11 0 0 11 0 0
162 11 0 0 0 0 0 11 0 0
245 77 0 0 66 0 0 0 0 0
fl=/build/eglibc-uTxVna/eglibc-2.15/stdlib/exit.c
fn=__run_exit_handlers
37 11 1 1 3 0 0 6 0 0
42 3 0 0 0 0 0 0 0 0
46 4 0 0 0 0 0 0 0 0
48 5 1 1 0 0 0 1 0 0
49 1 0 0 0 0 0 0 0 0
50 5 0 0 1 0 0 0 0 0
74 1 0 0 1 0 0 0 0 0
76 2 0 0 1 0 0 0 0 0
78 4 1 1 1 0 0 3 0 0
79 3 0 0 2 1 1 0 0 0
83 2 0 0 1 0 0 1 0 0
84 2 0 0 0 0 0 0 0 0
87 1 0 0 1 1 1 0 0 0
90 2 0 0 1 0 0 0 0 0
91 8 0 0 1 1 1 1 0 0
93 2 0 0 0 0 0 2 0 0
fn=exit
99 4 1 1 0 0 0 2 0 0
100 6 1 1 1 0 0 4 0 0
fl=/build/eglibc-uTxVna/eglibc-2.15/stdlib/mul.c
fn=__mpn_mul
58 8 1 1 0 0 0 5 1 1
64 2 0 0 1 0 0 0 0 0
76 3 0 0 1 0 0 0 0 0
77 1 0 0 0 0 0 0 0 0
81 2 0 0 2 0 0 0 0 0
82 2 0 0 0 0 0 0 0 0
91 8 1 1 3 0 0 5 1 1
93 6 0 0 3 0 0 2 0 0
98 2 0 0 1 0 0 0 0 0
152 6 1 1 5 0 0 0 0 0
fl=/build/eglibc-uTxVna/eglibc-2.15/stdlib/rand.c
fn=rand
27 18000000 1 1 0 0 0 9000000 0 0
28 4500000 0 0 0 0 0 4500000 0 0
29 13500000 0 0 9000000 0 0 0 0 0
fl=/build/eglibc-uTxVna/eglibc-2.15/stdlib/random.c
fn=random
293 18000000 1 1 0 0 0 9000000 0 0
296 27000000 0 0 9000000 1 0 0 0 0
298 22500000 1 1 0 0 0 13500000 0 0
300 18000000 0 0 9000000 0 0 0 0 0
303 18000000 0 0 13500000 0 0 0 0 0
fn=srand
211 4 2 2 0 0 0 2 0 0
212 6 0 0 2 1 1 0 0 0
213 5 0 0 1 0 0 3 0 0
214 4 1 1 2 0 0 0 0 0
215 3 0 0 2 0 0 0 0 0
fl=/build/eglibc-uTxVna/eglibc-2.15/stdlib/random_r.c
fn=random_r
364 40502790 1 1 9000620 0 0 22501550 0 0
367 18001240 0 0 0 0 0 0 0 0
370 13500930 1 1 8855449 0 0 0 0 0
372 13500930 0 0 4500310 1 0 0 0 0
381 4500310 0 0 4500310 0 0 0 0 0
382 4500310 0 0 4500310 0 0 0 0 0
383 9000620 1 1 4500310 0 0 4500310 0 0
386 13500930 0 0 9000620 2 0 4500310 0 0
388 9000620 0 0 0 0 0 4500310 0 0
389 4500310 0 0 0 0 0 0 0 0
390 9000620 0 0 4500310 0 0 0 0 0
393 4500310 0 0 0 0 0 0 0 0
401 4500310 0 0 0 0 0 4500310 0 0
402 4500310 0 0 0 0 0 4500310 0 0
404 4500310 0 0 0 0 0 0 0 0
409 27001860 0 0 22501550 0 0 0 0 0
fn=srandom_r
165 9 1 1 2 0 0 5 0 0
173 2 0 0 0 0 0 0 0 0
175 1 0 0 1 0 0 0 0 0
176 2 0 0 0 0 0 0 0 0
179 1 0 0 1 0 0 0 0 0
181 3 0 0 0 0 0 0 0 0
183 1 0 0 0 0 0 1 0 0
184 2 0 0 0 0 0 0 0 0
189 2 0 0 1 0 0 1 0 0
190 94 0 0 1 0 0 0 0 0
196 273 1 1 0 0 0 1 0 0
197 90 0 0 0 0 0 0 0 0
199 90 0 0 0 0 0 0 0 0
200 30 0 0 0 0 0 30 2 2
203 3 0 0 1 1 0 1 0 0
204 1 0 0 0 0 0 1 0 0
205 2 0 0 1 0 0 0 0 0
206 935 1 1 0 0 0 0 0 0
209 930 0 0 0 0 0 930 0 0
213 3 1 1 0 0 0 0 0 0
216 1 0 0 0 0 0 0 0 0
217 6 0 0 5 0 0 0 0 0
fl=/build/eglibc-uTxVna/eglibc-2.15/string/../sysdeps/i386/i686/multiarch/../../i586/strchr.S
fn=index
49 6 1 1 0 0 0 6 0 0
51 6 0 0 0 0 0 6 0 0
54 6 0 0 0 0 0 6 0 0
56 6 0 0 0 0 0 6 0 0
59 6 0 0 6 0 0 0 0 0
60 6 0 0 6 0 0 0 0 0
63 6 0 0 0 0 0 0 0 0
65 6 0 0 0 0 0 0 0 0
71 6 0 0 0 0 0 0 0 0
72 6 0 0 0 0 0 0 0 0
74 6 0 0 0 0 0 0 0 0
75 6 0 0 0 0 0 0 0 0
77 6 0 0 0 0 0 0 0 0
78 6 0 0 0 0 0 0 0 0
80 6 0 0 0 0 0 0 0 0
82 2 0 0 0 0 0 0 0 0
83 2 0 0 0 0 0 0 0 0
85 1 0 0 1 0 0 0 0 0
86 1 0 0 0 0 0 0 0 0
88 1 0 0 0 0 0 0 0 0
89 1 1 1 0 0 0 0 0 0
91 1 0 0 1 0 0 0 0 0
92 1 0 0 0 0 0 0 0 0
94 1 0 0 0 0 0 0 0 0
95 1 0 0 0 0 0 0 0 0
97 1 0 0 0 0 0 0 0 0
98 1 0 0 0 0 0 0 0 0
100 1 0 0 0 0 0 0 0 0
101 1 0 0 0 0 0 0 0 0
103 1 0 0 0 0 0 0 0 0
105 2 0 0 2 1 1 0 0 0
107 2 0 0 0 0 0 0 0 0
108 2 0 0 0 0 0 0 0 0
110 2 0 0 0 0 0 0 0 0
111 2 0 0 0 0 0 0 0 0
113 2 0 0 0 0 0 0 0 0
123 6 0 0 6 1 1 0 0 0
124 6 0 0 0 0 0 0 0 0
126 6 0 0 0 0 0 0 0 0
127 6 0 0 0 0 0 0 0 0
152 8 1 1 0 0 0 0 0 0
153 8 0 0 0 0 0 0 0 0
155 8 0 0 0 0 0 0 0 0
156 8 0 0 0 0 0 0 0 0
158 8 0 0 0 0 0 0 0 0
159 8 0 0 0 0 0 0 0 0
161 8 0 0 0 0 0 0 0 0
162 8 0 0 0 0 0 0 0 0
164 8 0 0 0 0 0 0 0 0
165 8 0 0 0 0 0 0 0 0
167 8 0 0 8 1 1 0 0 0
168 8 0 0 0 0 0 0 0 0
170 8 0 0 0 0 0 0 0 0
171 8 0 0 0 0 0 0 0 0
173 8 0 0 0 0 0 0 0 0
174 8 0 0 0 0 0 0 0 0
176 8 0 0 0 0 0 0 0 0
177 8 0 0 0 0 0 0 0 0
179 8 1 1 0 0 0 0 0 0
180 8 0 0 0 0 0 0 0 0
182 7 0 0 0 0 0 0 0 0
183 7 0 0 0 0 0 0 0 0
185 7 0 0 0 0 0 0 0 0
186 7 0 0 0 0 0 0 0 0
188 7 0 0 0 0 0 0 0 0
189 7 0 0 0 0 0 0 0 0
191 7 0 0 0 0 0 0 0 0
192 7 0 0 0 0 0 0 0 0
194 7 0 0 0 0 0 0 0 0
195 7 0 0 0 0 0 0 0 0
197 7 0 0 7 0 0 0 0 0
198 7 0 0 0 0 0 0 0 0
200 7 0 0 0 0 0 0 0 0
201 7 0 0 0 0 0 0 0 0
203 7 0 0 0 0 0 0 0 0
204 7 0 0 0 0 0 0 0 0
206 7 1 1 0 0 0 0 0 0
207 7 0 0 0 0 0 0 0 0
209 7 0 0 0 0 0 0 0 0
210 7 0 0 0 0 0 0 0 0
212 7 0 0 0 0 0 0 0 0
213 7 0 0 0 0 0 0 0 0
215 7 0 0 0 0 0 0 0 0
216 7 0 0 0 0 0 0 0 0
218 6 0 0 0 0 0 0 0 0
219 6 0 0 0 0 0 0 0 0
221 6 0 0 0 0 0 0 0 0
222 6 0 0 0 0 0 0 0 0
224 4 0 0 0 0 0 0 0 0
225 4 0 0 0 0 0 0 0 0
227 4 0 0 4 0 0 0 0 0
228 4 0 0 0 0 0 0 0 0
230 4 0 0 0 0 0 0 0 0
231 4 0 0 0 0 0 0 0 0
233 4 0 0 0 0 0 0 0 0
234 4 0 0 0 0 0 0 0 0
236 4 0 0 0 0 0 0 0 0
237 4 1 1 0 0 0 0 0 0
239 4 0 0 0 0 0 0 0 0
240 4 0 0 0 0 0 0 0 0
242 4 0 0 0 0 0 0 0 0
243 4 0 0 0 0 0 0 0 0
245 4 0 0 0 0 0 0 0 0
246 4 0 0 0 0 0 0 0 0
248 3 0 0 0 0 0 0 0 0
249 3 0 0 0 0 0 0 0 0
251 3 0 0 0 0 0 0 0 0
252 3 0 0 0 0 0 0 0 0
254 2 0 0 0 0 0 0 0 0
255 2 0 0 0 0 0 0 0 0
257 2 0 0 2 0 0 0 0 0
258 2 0 0 0 0 0 0 0 0
260 2 0 0 0 0 0 0 0 0
261 2 0 0 0 0 0 0 0 0
263 2 0 0 0 0 0 0 0 0
264 2 0 0 0 0 0 0 0 0
266 2 0 0 0 0 0 0 0 0
267 2 0 0 0 0 0 0 0 0
269 2 0 0 0 0 0 0 0 0
271 2 0 0 0 0 0 0 0 0
275 1 0 0 0 0 0 0 0 0
276 1 0 0 0 0 0 0 0 0
278 1 0 0 0 0 0 0 0 0
295 6 0 0 6 0 0 0 0 0
298 6 0 0 6 0 0 0 0 0
302 6 0 0 6 0 0 0 0 0
305 6 0 0 6 0 0 0 0 0
310 6 0 0 6 0 0 0 0 0
319 5 1 1 0 0 0 0 0 0
320 5 0 0 0 0 0 0 0 0
322 5 0 0 0 0 0 0 0 0
324 5 0 0 0 0 0 0 0 0
325 5 0 0 0 0 0 0 0 0
327 4 0 0 0 0 0 0 0 0
329 4 0 0 0 0 0 0 0 0
330 4 0 0 0 0 0 0 0 0
332 4 0 0 0 0 0 0 0 0
333 4 0 0 0 0 0 0 0 0
335 1 0 0 0 0 0 0 0 0
336 1 0 0 0 0 0 0 0 0
338 1 0 0 0 0 0 0 0 0
339 1 0 0 0 0 0 0 0 0
341 1 0 0 0 0 0 0 0 0
342 1 0 0 0 0 0 0 0 0
344 1 0 0 0 0 0 0 0 0
347 1 0 0 0 0 0 0 0 0
348 1 0 0 0 0 0 0 0 0
350 5 0 0 0 0 0 0 0 0
352 5 0 0 0 0 0 0 0 0
fl=/build/eglibc-uTxVna/eglibc-2.15/string/../sysdeps/i386/i686/multiarch/../../i586/strlen.S
fn=__GI_strlen
47 1 1 1 1 0 0 0 0 0
49 1 0 0 0 0 0 0 0 0
51 1 0 0 0 0 0 0 0 0
53 1 0 0 0 0 0 0 0 0
54 1 0 0 0 0 0 0 0 0
69 1 1 1 1 1 1 0 0 0
70 1 0 0 0 0 0 0 0 0
72 1 0 0 0 0 0 0 0 0
73 1 0 0 0 0 0 0 0 0
99 1 0 0 1 0 0 0 0 0
100 1 0 0 0 0 0 0 0 0
102 1 0 0 0 0 0 0 0 0
103 1 0 0 0 0 0 0 0 0
105 1 0 0 0 0 0 0 0 0
106 1 0 0 0 0 0 0 0 0
108 1 0 0 0 0 0 0 0 0
110 1 0 0 0 0 0 0 0 0
112 1 0 0 0 0 0 0 0 0
163 1 1 1 0 0 0 0 0 0
164 1 0 0 0 0 0 0 0 0
166 1 0 0 0 0 0 0 0 0
167 1 0 0 0 0 0 0 0 0
183 1 0 0 1 0 0 0 0 0
187 1 0 0 1 0 0 0 0 0
fn=strlen
47 12 1 1 12 0 0 0 0 0
49 12 0 0 0 0 0 0 0 0
51 12 0 0 0 0 0 0 0 0
53 12 0 0 0 0 0 0 0 0
54 3 0 0 0 0 0 0 0 0
56 2 0 0 2 0 0 0 0 0
57 2 0 0 0 0 0 0 0 0
59 2 0 0 0 0 0 0 0 0
60 2 0 0 2 0 0 0 0 0
62 2 0 0 0 0 0 0 0 0
64 2 0 0 0 0 0 0 0 0
65 2 0 0 0 0 0 0 0 0
67 2 0 0 0 0 0 0 0 0
69 2 0 0 2 0 0 0 0 0
70 2 0 0 0 0 0 0 0 0
72 1 0 0 0 0 0 0 0 0
73 1 0 0 0 0 0 0 0 0
99 21 1 1 21 0 0 0 0 0
100 21 0 0 0 0 0 0 0 0
102 21 0 0 0 0 0 0 0 0
103 21 0 0 0 0 0 0 0 0
105 21 0 0 0 0 0 0 0 0
106 21 0 0 0 0 0 0 0 0
108 21 0 0 0 0 0 0 0 0
110 21 0 0 0 0 0 0 0 0
112 21 0 0 0 0 0 0 0 0
115 21 0 0 21 0 0 0 0 0
116 21 0 0 0 0 0 0 0 0
118 21 0 0 0 0 0 0 0 0
119 21 0 0 0 0 0 0 0 0
121 21 0 0 0 0 0 0 0 0
122 21 0 0 0 0 0 0 0 0
124 20 0 0 0 0 0 0 0 0
126 20 0 0 0 0 0 0 0 0
128 20 0 0 0 0 0 0 0 0
131 20 0 0 20 0 0 0 0 0
132 20 0 0 0 0 0 0 0 0
134 20 0 0 0 0 0 0 0 0
135 20 0 0 0 0 0 0 0 0
137 20 0 0 0 0 0 0 0 0
138 20 0 0 0 0 0 0 0 0
140 18 0 0 0 0 0 0 0 0
142 18 0 0 0 0 0 0 0 0
144 18 0 0 0 0 0 0 0 0
147 16 0 0 16 0 0 0 0 0
148 16 0 0 0 0 0 0 0 0
150 16 0 0 0 0 0 0 0 0
151 16 0 0 0 0 0 0 0 0
153 16 0 0 0 0 0 0 0 0
154 16 0 0 0 0 0 0 0 0
156 12 0 0 0 0 0 0 0 0
158 12 0 0 0 0 0 0 0 0
160 12 0 0 0 0 0 0 0 0
163 11 1 1 0 0 0 0 0 0
164 11 0 0 0 0 0 0 0 0
166 11 0 0 0 0 0 0 0 0
167 11 0 0 0 0 0 0 0 0
169 10 0 0 0 0 0 0 0 0
170 10 0 0 0 0 0 0 0 0
172 10 0 0 0 0 0 0 0 0
174 3 0 0 0 0 0 0 0 0
175 3 0 0 0 0 0 0 0 0
177 3 0 0 0 0 0 0 0 0
178 3 0 0 0 0 0 0 0 0
180 2 0 0 0 0 0 0 0 0
183 12 1 1 12 0 0 0 0 0
187 12 0 0 12 0 0 0 0 0
fl=/build/eglibc-uTxVna/eglibc-2.15/string/../sysdeps/i386/i686/multiarch/../../strrchr.S
fn=__GI_strrchr
37 1 1 1 0 0 0 1 0 0
40 1 0 0 0 0 0 1 0 0
43 1 0 0 0 0 0 0 0 0
44 1 0 0 1 0 0 0 0 0
46 1 0 0 1 0 0 0 0 0
53 1 0 0 0 0 0 0 0 0
54 1 0 0 0 0 0 0 0 0
55 1 0 0 0 0 0 0 0 0
56 1 0 0 0 0 0 0 0 0
69 1 0 0 0 0 0 0 0 0
70 1 0 0 0 0 0 0 0 0
71 1 0 0 1 1 0 0 0 0
72 1 0 0 0 0 0 0 0 0
73 1 0 0 0 0 0 0 0 0
75 1 0 0 0 0 0 0 0 0
76 1 0 0 0 0 0 0 0 0
77 1 0 0 0 0 0 0 0 0
79 1 0 0 0 0 0 0 0 0
80 1 0 0 0 0 0 0 0 0
159 1 0 0 0 0 0 0 0 0
160 1 0 0 0 0 0 0 0 0
161 1 0 0 0 0 0 0 0 0
162 1 0 0 0 0 0 0 0 0
163 1 0 0 0 0 0 0 0 0
171 1 0 0 0 0 0 0 0 0
172 1 0 0 0 0 0 0 0 0
173 1 0 0 0 0 0 0 0 0
176 1 0 0 0 0 0 0 0 0
178 2 1 1 2 0 0 0 0 0
179 2 0 0 0 0 0 0 0 0
180 2 0 0 0 0 0 0 0 0
191 2 0 0 0 0 0 0 0 0
195 2 0 0 0 0 0 0 0 0
198 2 0 0 0 0 0 0 0 0
199 2 0 0 0 0 0 0 0 0
203 2 1 1 0 0 0 0 0 0
209 1 0 0 0 0 0 0 0 0
211 1 0 0 0 0 0 0 0 0
212 1 0 0 0 0 0 0 0 0
215 1 0 0 0 0 0 0 0 0
216 1 0 0 0 0 0 0 0 0
217 1 0 0 0 0 0 0 0 0
218 1 0 0 0 0 0 0 0 0
220 1 0 0 0 0 0 0 0 0
305 1 1 1 0 0 0 0 0 0
306 1 0 0 0 0 0 0 0 0
308 1 0 0 0 0 0 0 0 0
309 1 0 0 0 0 0 0 0 0
311 1 0 0 0 0 0 0 0 0
312 1 0 0 0 0 0 0 0 0
314 1 0 0 0 0 0 0 0 0
315 1 0 0 0 0 0 0 0 0
317 1 0 0 0 0 0 0 0 0
318 1 0 0 0 0 0 0 0 0
319 1 0 0 0 0 0 0 0 0
321 1 0 0 0 0 0 0 0 0
322 1 0 0 0 0 0 0 0 0
330 1 0 0 1 0 0 0 0 0
333 1 0 0 1 0 0 0 0 0
338 1 0 0 1 0 0 0 0 0
fl=/build/eglibc-uTxVna/eglibc-2.15/string/../sysdeps/i386/i686/multiarch/../memcmp.S
fn=???
52 520 1 1 520 0 0 0 0 0
53 520 0 0 520 0 0 0 0 0
fn=bcmp
58 12 1 1 0 0 0 12 0 0
60 12 0 0 12 0 0 0 0 0
61 12 0 0 12 0 0 0 0 0
62 12 0 0 12 0 0 0 0 0
64 12 0 0 0 0 0 0 0 0
65 12 0 0 0 0 0 0 0 0
83 12 0 0 0 0 0 0 0 0
85 12 0 0 0 0 0 12 0 0
87 12 0 0 0 0 0 0 0 0
89 12 0 0 0 0 0 0 0 0
90 12 1 1 0 0 0 0 0 0
92 36 0 0 12 2 2 12 0 0
93 12 0 0 0 0 0 0 0 0
94 12 0 0 0 0 0 0 0 0
95 12 0 0 0 0 0 0 0 0
109 1 0 0 1 1 1 0 0 0
110 1 0 0 1 0 0 0 0 0
111 1 0 0 0 0 0 0 0 0
112 1 0 0 0 0 0 0 0 0
114 4 0 0 4 1 1 0 0 0
115 4 0 0 4 0 0 0 0 0
116 4 0 0 0 0 0 0 0 0
117 4 0 0 0 0 0 0 0 0
119 5 1 1 5 0 0 0 0 0
120 5 0 0 5 1 1 0 0 0
121 5 0 0 0 0 0 0 0 0
122 5 0 0 0 0 0 0 0 0
124 5 0 0 5 0 0 0 0 0
125 5 0 0 5 2 2 0 0 0
126 5 0 0 0 0 0 0 0 0
127 5 0 0 0 0 0 0 0 0
129 5 0 0 5 0 0 0 0 0
130 5 0 0 5 0 0 0 0 0
131 5 0 0 0 0 0 0 0 0
132 5 1 1 0 0 0 0 0 0
134 5 0 0 5 0 0 0 0 0
137 5 0 0 0 0 0 0 0 0
138 10 0 0 10 0 0 0 0 0
268 1 0 0 1 1 1 0 0 0
269 1 0 0 1 1 1 0 0 0
270 1 0 0 0 0 0 0 0 0
271 1 0 0 0 0 0 0 0 0
273 5 1 1 5 0 0 0 0 0
274 5 0 0 5 2 2 0 0 0
275 5 0 0 0 0 0 0 0 0
276 5 0 0 0 0 0 0 0 0
278 4 0 0 4 0 0 0 0 0
279 4 0 0 4 0 0 0 0 0
280 4 0 0 0 0 0 0 0 0
281 4 0 0 0 0 0 0 0 0
282 4 0 0 0 0 0 0 0 0
283 4 0 0 0 0 0 0 0 0
284 4 0 0 4 0 0 0 0 0
285 4 0 0 4 0 0 0 0 0
286 4 1 1 0 0 0 0 0 0
287 4 0 0 4 0 0 0 0 0
290 4 0 0 0 0 0 0 0 0
291 8 0 0 8 0 0 0 0 0
361 3 1 1 0 0 0 0 0 0
362 3 0 0 0 0 0 0 0 0
373 3 0 0 0 0 0 0 0 0
374 3 0 0 0 0 0 0 0 0
375 3 0 0 3 0 0 0 0 0
378 6 0 0 6 0 0 0 0 0
fl=/build/eglibc-uTxVna/eglibc-2.15/string/../sysdeps/i386/i686/multiarch/../memcpy.S
fn=__GI_memcpy
44 3 1 1 0 0 0 0 0 0
45 3 0 0 3 0 0 0 0 0
46 3 0 0 0 0 0 0 0 0
47 3 0 0 3 0 0 0 0 0
49 3 0 0 0 0 0 0 0 0
50 3 0 0 0 0 0 0 0 0
51 3 0 0 0 0 0 0 0 0
52 3 0 0 3 0 0 0 0 0
53 3 0 0 0 0 0 0 0 0
54 3 0 0 0 0 0 0 0 0
56 3 0 0 0 0 0 0 0 0
57 3 0 0 0 0 0 0 0 0
59 3 1 1 0 0 0 0 0 0
60 3 0 0 0 0 0 0 0 0
71 3 0 0 0 0 0 3 0 0
72 3 0 0 0 0 0 0 0 0
73 3 0 0 0 0 0 0 0 0
74 3 0 0 0 0 0 0 0 0
75 12 0 0 9 1 1 9 1 1
77 3 0 0 0 0 0 0 0 0
78 3 0 0 0 0 0 0 0 0
80 3 0 0 3 0 0 0 0 0
82 3 0 0 0 0 0 0 0 0
83 3 0 0 0 0 0 0 0 0
84 3 0 0 3 0 0 0 0 0
88 3 0 0 3 0 0 0 0 0
fn=memcpy
44 12 1 1 0 0 0 0 0 0
45 12 0 0 12 0 0 0 0 0
46 12 0 0 0 0 0 0 0 0
47 12 0 0 12 0 0 0 0 0
49 12 0 0 0 0 0 0 0 0
50 12 0 0 0 0 0 0 0 0
51 12 0 0 0 0 0 0 0 0
52 12 0 0 12 0 0 0 0 0
53 12 0 0 0 0 0 0 0 0
54 12 0 0 0 0 0 0 0 0
56 9 0 0 0 0 0 0 0 0
57 9 0 0 0 0 0 0 0 0
59 9 0 0 0 0 0 0 0 0
60 9 0 0 0 0 0 0 0 0
71 9 0 0 0 0 0 9 0 0
72 9 0 0 0 0 0 0 0 0
73 9 0 0 0 0 0 0 0 0
74 9 0 0 0 0 0 0 0 0
75 50 0 0 41 0 0 41 3 3
77 9 0 0 0 0 0 0 0 0
78 17 0 0 8 0 0 8 0 0
80 9 0 0 9 0 0 0 0 0
82 12 0 0 0 0 0 0 0 0
83 12 0 0 0 0 0 0 0 0
84 12 0 0 12 0 0 0 0 0
88 12 0 0 12 0 0 0 0 0
94 3 1 1 0 0 0 0 0 0
95 3 0 0 0 0 0 0 0 0
96 2 0 0 2 0 0 2 1 1
97 3 0 0 0 0 0 0 0 0
98 3 0 0 0 0 0 0 0 0
99 2 0 0 2 0 0 2 0 0
100 17 1 1 14 0 0 14 0 0
102 3 0 0 0 0 0 0 0 0
fl=/build/eglibc-uTxVna/eglibc-2.15/string/../sysdeps/i386/i686/multiarch/../mempcpy.S
fn=__GI_mempcpy
44 1 1 1 1 0 0 0 0 0
45 1 0 0 0 0 0 0 0 0
47 1 0 0 1 0 0 0 0 0
49 1 0 0 0 0 0 0 0 0
51 1 0 0 1 0 0 0 0 0
53 1 0 0 0 0 0 0 0 0
54 1 0 0 0 0 0 0 0 0
55 1 0 0 0 0 0 0 0 0
56 1 0 0 1 0 0 1 0 0
57 1 0 0 0 0 0 0 0 0
58 1 0 0 0 0 0 0 0 0
60 1 0 0 0 0 0 0 0 0
62 1 0 0 0 0 0 0 0 0
64 1 0 0 0 0 0 0 0 0
69 1 0 0 1 0 0 0 0 0
fn=mempcpy
44 49 1 1 49 0 0 0 0 0
45 49 0 0 0 0 0 0 0 0
47 49 0 0 49 0 0 0 0 0
49 49 0 0 0 0 0 0 0 0
51 49 0 0 49 0 0 0 0 0
53 49 0 0 0 0 0 0 0 0
54 49 0 0 0 0 0 0 0 0
55 49 0 0 0 0 0 0 0 0
56 14 0 0 14 1 1 14 2 2
57 49 0 0 0 0 0 0 0 0
58 49 0 0 0 0 0 0 0 0
59 32 0 0 32 0 0 32 0 0
60 147 0 0 98 1 0 98 3 3
62 49 0 0 0 0 0 0 0 0
64 49 1 1 0 0 0 0 0 0
69 49 0 0 49 0 0 0 0 0
fl=/build/eglibc-uTxVna/eglibc-2.15/string/../sysdeps/i386/i686/multiarch/../memset.S
fn=memset
52 9 2 2 0 0 0 0 0 0
53 9 0 0 0 0 0 9 0 0
55 9 0 0 9 0 0 0 0 0
56 9 0 0 9 0 0 0 0 0
61 9 0 0 9 0 0 0 0 0
63 9 0 0 0 0 0 0 0 0
64 9 0 0 0 0 0 0 0 0
66 9 0 0 0 0 0 0 0 0
67 9 0 0 0 0 0 0 0 0
68 4 0 0 0 0 0 0 0 0
69 2 0 0 0 0 0 2 0 0
70 2 0 0 0 0 0 0 0 0
71 2 0 0 0 0 0 0 0 0
72 4 0 0 0 0 0 4 0 0
73 4 0 0 0 0 0 0 0 0
74 4 0 0 0 0 0 0 0 0
79 5 0 0 0 0 0 0 0 0
80 5 0 0 0 0 0 0 0 0
81 5 1 1 0 0 0 0 0 0
83 5 0 0 0 0 0 0 0 0
85 96 0 0 0 0 0 91 6 6
87 5 0 0 0 0 0 0 0 0
88 5 0 0 0 0 0 0 0 0
93 9 0 0 9 0 0 0 0 0
96 9 0 0 9 0 0 0 0 0
104 9 0 0 9 0 0 0 0 0
fl=/build/eglibc-uTxVna/eglibc-2.15/string/../sysdeps/i386/i686/multiarch/../strcmp.S
fn=strcmp
34 213 1 1 213 0 0 0 0 0
35 213 0 0 213 0 0 0 0 0
39 1342 0 0 1342 24 18 0 0 0
40 1342 0 0 1342 17 10 0 0 0
41 1342 0 0 0 0 0 0 0 0
42 1249 0 0 0 0 0 0 0 0
43 1249 0 0 0 0 0 0 0 0
44 1249 0 0 0 0 0 0 0 0
45 1249 0 0 0 0 0 0 0 0
47 120 0 0 0 0 0 0 0 0
53 120 0 0 120 0 0 0 0 0
56 93 0 0 0 0 0 0 0 0
57 93 0 0 0 0 0 0 0 0
58 93 0 0 0 0 0 0 0 0
70 93 0 0 93 0 0 0 0 0
fl=/build/eglibc-uTxVna/eglibc-2.15/string/../sysdeps/i386/i686/multiarch/memrchr.S
fn=memrchr
45 1 1 1 0 0 0 1 0 0
47 1 0 0 0 0 0 1 0 0
48 1 0 0 0 0 0 0 0 0
49 1 0 0 1 0 0 0 0 0
50 1 0 0 0 0 0 0 0 0
53 1 1 1 1 0 0 0 0 0
54 1 0 0 0 0 0 0 0 0
55 1 0 0 1 0 0 0 0 0
56 1 0 0 0 0 0 0 0 0
72 1 0 0 0 0 0 0 0 0
73 1 0 0 1 0 0 0 0 0
75 1 0 0 1 0 0 0 0 0
fl=/build/eglibc-uTxVna/eglibc-2.15/string/../sysdeps/i386/i686/multiarch/strcat.S
fn=???
55 13509603 1 1 13509603 0 0 0 0 0
56 13509603 0 0 13509603 0 0 0 0 0
fl=/build/eglibc-uTxVna/eglibc-2.15/string/../sysdeps/i386/i686/multiarch/strncase.S
fn=strncasecmp
27 1 1 1 0 0 0 1 0 0
30 1 0 0 0 0 0 1 0 0
31 1 0 0 0 0 0 0 0 0
32 1 1 1 1 0 0 0 0 0
33 1 0 0 0 0 0 0 0 0
35 1 0 0 0 0 0 0 0 0
36 1 0 0 1 0 0 0 0 0
37 1 0 0 0 0 0 0 0 0
38 1 0 0 0 0 0 0 0 0
39 1 0 0 1 0 0 0 0 0
40 1 0 0 0 0 0 0 0 0
42 1 0 0 1 0 0 0 0 0
45 1 0 0 1 0 0 0 0 0
fl=/build/eglibc-uTxVna/eglibc-2.15/string/../sysdeps/i386/i686/multiarch/strnlen.S
fn=strnlen
37 1 1 1 0 0 0 1 0 0
40 1 0 0 0 0 0 1 0 0
41 1 0 0 0 0 0 0 0 0
42 1 0 0 1 1 1 0 0 0
43 1 0 0 0 0 0 0 0 0
44 1 0 0 0 0 0 1 0 0
45 1 0 0 0 0 0 0 0 0
46 1 1 1 1 0 0 0 0 0
47 1 0 0 0 0 0 0 0 0
48 1 0 0 0 0 0 0 0 0
49 1 0 0 1 0 0 0 0 0
52 1 0 0 1 0 0 0 0 0
fl=/build/eglibc-uTxVna/eglibc-2.15/string/../sysdeps/i386/strchrnul.S
fn=strchrnul
38 2 1 1 0 0 0 2 0 0
42 2 0 0 2 0 0 0 0 0
43 2 0 0 2 0 0 0 0 0
50 2 0 0 0 0 0 0 0 0
51 2 0 0 0 0 0 0 0 0
52 2 0 0 0 0 0 0 0 0
53 2 0 0 0 0 0 0 0 0
66 2 0 0 0 0 0 0 0 0
67 2 0 0 0 0 0 0 0 0
68 1 0 0 1 0 0 0 0 0
69 1 0 0 0 0 0 0 0 0
70 1 0 0 0 0 0 0 0 0
71 1 0 0 0 0 0 0 0 0
72 1 0 0 0 0 0 0 0 0
73 1 0 0 0 0 0 0 0 0
75 1 0 0 0 0 0 0 0 0
76 1 0 0 0 0 0 0 0 0
77 1 0 0 1 0 0 0 0 0
78 1 0 0 0 0 0 0 0 0
79 1 0 0 0 0 0 0 0 0
80 1 0 0 0 0 0 0 0 0
81 1 0 0 0 0 0 0 0 0
128 1 1 1 1 0 0 0 0 0
129 1 0 0 0 0 0 0 0 0
131 1 0 0 0 0 0 0 0 0
132 1 0 0 0 0 0 0 0 0
142 1 1 1 0 0 0 0 0 0
146 1 0 0 0 0 0 0 0 0
149 1 0 0 0 0 0 0 0 0
150 1 0 0 0 0 0 0 0 0
154 1 0 0 0 0 0 0 0 0
255 1 1 1 0 0 0 0 0 0
256 1 0 0 0 0 0 0 0 0
278 2 0 0 2 0 0 0 0 0
283 2 0 0 2 0 0 0 0 0
fl=/build/eglibc-uTxVna/eglibc-2.15/string/../sysdeps/x86_64/cacheinfo.c
fn=handle_intel
307 15 1 1 0 0 0 9 0 0
308 6 0 0 0 0 0 0 0 0
313 3 0 0 0 0 0 0 0 0
319 6 0 0 0 0 0 6 0 0
321 6 0 0 0 0 0 3 0 0
322 6 0 0 0 0 0 3 0 0
324 8 0 0 3 0 0 3 0 0
330 21 1 1 0 0 0 9 0 0
335 6 0 0 3 0 0 0 0 0
337 10 1 1 1 0 0 3 0 0
338 3 0 0 0 0 0 0 0 0
342 15 0 0 3 0 0 9 1 0
343 6 0 0 0 0 0 0 0 0
346 15 1 1 6 0 0 9 0 0
347 6 0 0 0 0 0 0 0 0
350 15 0 0 6 0 0 9 0 0
351 6 0 0 0 0 0 0 0 0
354 15 0 0 6 0 0 9 0 0
355 6 0 0 0 0 0 0 0 0
359 3 0 0 0 0 0 0 0 0
361 4 0 0 1 0 0 0 0 0
364 15 1 1 12 0 0 0 0 0
fn=init_cacheinfo
552 7 1 1 0 0 0 5 0 0
565 3 0 0 1 0 0 0 0 0
572 2 0 0 0 0 0 0 0 0
574 4 1 1 1 0 0 1 0 0
577 1 0 0 0 0 0 1 0 0
578 4 0 0 1 0 0 1 0 0
580 2 0 0 0 0 0 0 0 0
583 1 0 0 0 0 0 1 0 0
584 5 1 1 1 0 0 1 0 0
591 2 0 0 1 0 0 1 0 0
609 5 1 1 1 0 0 1 0 0
616 21 0 0 0 0 0 1 0 0
622 6 0 0 0 0 0 0 0 0
625 15 0 0 3 0 0 0 0 0
627 3 1 1 1 0 0 0 0 0
633 5 0 0 1 0 0 1 0 0
659 2 1 1 1 0 0 0 0 0
671 4 0 0 0 0 0 0 0 0
672 5 1 1 0 0 0 0 0 0
746 2 1 1 0 0 0 0 0 0
748 3 0 0 0 0 0 1 0 0
749 1 0 0 0 0 0 1 1 1
751 1 0 0 0 0 0 0 0 0
752 3 0 0 0 0 0 1 0 0
753 1 0 0 0 0 0 1 0 0
756 2 0 0 0 0 0 0 0 0
758 3 0 0 0 0 0 1 0 0
759 1 0 0 0 0 0 1 0 0
761 1 0 0 0 0 0 0 0 0
762 3 0 0 0 0 0 1 0 0
763 1 0 0 0 0 0 1 0 0
765 6 0 0 5 0 0 0 0 0
fn=intel_02_known_compare
145 196 1 1 0 0 0 196 0 0
152 980 0 0 784 9 9 0 0 0
153 196 0 0 0 0 0 0 0 0
155 378 0 0 0 0 0 0 0 0
156 392 0 0 392 0 0 0 0 0
fn=intel_check_word
163 108 1 1 0 0 0 72 0 0
164 24 1 1 0 0 0 0 0 0
170 81 0 0 0 0 0 0 0 0
172 68 0 0 0 0 0 0 0 0
174 60 1 1 0 0 0 0 0 0
176 60 1 1 0 0 0 0 0 0
184 60 0 0 0 0 0 0 0 0
237 66 0 0 0 0 0 0 0 0
258 4 0 0 1 0 0 0 0 0
272 30 1 1 0 0 0 30 0 0
273 249 0 0 0 0 0 180 0 0
275 60 0 0 0 0 0 0 0 0
277 28 0 0 7 0 0 0 0 0
279 4 1 1 2 0 0 0 0 0
281 4 0 0 0 0 0 0 0 0
283 4 1 1 2 0 0 0 0 0
291 10 0 0 0 0 0 0 0 0
292 6 1 1 2 0 0 2 0 0
297 28 0 0 0 0 0 0 0 0
301 10 0 0 0 0 0 0 0 0
302 72 0 0 60 0 0 0 0 0
fl=/build/eglibc-uTxVna/eglibc-2.15/time/../sysdeps/unix/sysv/linux/clock.c
fn=clock
26 12 2 2 0 0 0 8 0 0
28 6 0 0 0 0 0 4 0 0
37 6 0 0 0 0 0 4 0 0
39 4 0 0 0 0 0 0 0 0
41 6 0 0 4 0 0 0 0 0
42 8 1 1 0 0 0 0 0 0
45 10 1 1 8 0 0 0 0 0
fl=/build/eglibc-uTxVna/eglibc-2.15/time/../sysdeps/unix/sysv/linux/time.c
fn=time
29 1 0 0 1 0 0 0 0 0
31 6 1 1 1 0 0 1 0 0
33 2 0 0 0 0 0 0 0 0
36 1 0 0 1 0 0 0 0 0
fl=/build/eglibc-uTxVna/eglibc-2.15/wcsmbs/../sysdeps/i386/i686/multiarch/wcslen.S
fn=wcslen
37 1 1 1 0 0 0 1 0 0
40 1 0 0 0 0 0 1 0 0
41 1 0 0 0 0 0 0 0 0
42 1 0 0 1 0 0 0 0 0
43 1 0 0 0 0 0 0 0 0
45 1 0 0 0 0 0 0 0 0
46 1 0 0 1 0 0 0 0 0
47 1 0 0 0 0 0 0 0 0
48 1 1 1 0 0 0 0 0 0
49 1 0 0 1 0 0 0 0 0
52 1 0 0 1 0 0 0 0 0
fl=/home/julio/Desktop/ALG/task01b.c
fn=bloqued_version
35 5 0 0 0 0 0 3 0 0
37 4 0 0 2 0 0 2 0 0
39 5 0 0 1 0 0 3 0 0
40 6005 1 1 4502 0 0 1 0 0
41 13500 0 0 4500 0 0 4500 94 94
43 6005 1 1 4502 0 0 1 0 0
44 9007500 0 0 6753000 0 0 1500 0 0
45 20250000 0 0 9000000 95 73 2250000 140818 140818
48 55 1 1 42 0 0 1 0 0
49 550 1 1 420 0 0 10 0 0
50 5500 1 1 4200 0 0 100 0 0
51 1361000 0 0 755000 150001 2 1000 0 0
52 204150000 1 1 113250000 0 0 150000 0 0
53 30622500000 0 0 16987500000 0 0 22500000 0 0
54 128250000000 1 1 64125000000 444658732 2426786 3375000000 0 0
60 7 0 0 4 0 0 3 1 1
61 6 0 0 5 0 0 0 0 0
fn=generate
25 8 1 1 0 0 0 4 0 0
27 16 0 0 6 1 0 6 1 0
28 15012 2 2 12006 0 0 2 0 0
29 33000 0 0 15000 0 0 9000 186 186
30 22518000 1 1 18009000 0 0 3000 0 0
31 112500000 0 0 22500000 0 0 9000000 278623 278623
33 8 0 0 6 0 0 0 0 0
fn=main
64 7 1 1 1 0 0 3 0 0
65 4 0 0 0 0 0 4 0 0
67 2 0 0 0 0 0 2 0 0
69 8 1 1 4 0 0 4 0 0
71 3 0 0 0 0 0 2 0 0
72 3 0 0 0 0 0 2 0 0
79 2 0 0 0 0 0 2 1 1
80 22 1 1 8 0 0 9 0 0
81 2 0 0 0 0 0 2 0 0
82 13 1 1 4 1 1 4 0 0
85 1 0 0 0 0 0 0 0 0
86 4 0 0 3 0 0 0 0 0
fl=???
fn=???
0 4504776 28 25 4504633 11 8 65 1 1
fn=__libc_csu_init
0 21 1 1 6 0 0 6 0 0
fn=_dl_sysinfo_int80
0 209 1 1 104 0 0 0 0 0
summary: 159598934234 1021 1015 81427003232 444811465 2428505 3490099563 424560 424457
